0,1,2,3,4,5
Adidas SB\1.jpg,Adidas SB,77,122,407,226
Adidas SB\11.jpg,Adidas SB,374,338,483,369
Adidas SB\12.jpg,Adidas SB,35,261,488,369
Adidas SB\13.jpg,Adidas SB,60,244,444,324
Adidas SB\14.jpg,Adidas SB,89,305,131,350
Adidas SB\15.jpg,Adidas SB,251,92,480,139
Adidas SB\16.jpg,Adidas SB,54,248,458,325
Adidas SB\18.jpg,Adidas SB,179,9,420,67
Adidas SB\19.jpg,Adidas SB,5,120,418,279
Adidas SB\2.jpg,Adidas SB,225,4,320,36
Adidas SB\2.jpg,Adidas SB,83,128,138,147
Adidas SB\20.jpg,Adidas SB,6,158,228,199
Adidas SB\21.jpg,Adidas SB,37,224,477,338
Adidas SB\22.jpg,Adidas SB,325,338,462,377
Adidas SB\23.jpg,Adidas SB,312,267,430,325
Adidas SB\23.jpg,Adidas SB,55,260,171,309
Adidas SB\24.jpg,Adidas SB,305,65,358,83
Adidas SB\25.jpg,Adidas SB,36,225,441,315
Adidas SB\27.jpg,Adidas SB,79,281,246,374
Adidas SB\29.jpg,Adidas SB,8,295,234,390
Adidas SB\29.jpg,Adidas SB,255,278,507,390
Adidas SB\3.jpg,Adidas SB,439,139,473,170
Adidas SB\30.jpg,Adidas SB,67,284,421,392
Adidas SB\31.jpg,Adidas SB,1,257,510,384
Adidas SB\32.jpg,Adidas SB,24,18,253,78
Adidas SB\34.jpg,Adidas SB,82,383,268,458
Adidas SB\35.jpg,Adidas SB,131,136,260,175
Adidas SB\36.jpg,Adidas SB,120,212,247,259
Adidas SB\37.jpg,Adidas SB,220,156,288,186
Adidas SB\38.jpg,Adidas SB,43,200,485,304
Adidas SB\39.jpg,Adidas SB,19,254,482,361
Adidas SB\4.jpg,Adidas SB,20,23,344,160
Adidas SB\40.jpg,Adidas SB,106,63,245,121
Adidas SB\41.jpg,Adidas SB,39,64,193,93
Adidas SB\42.jpg,Adidas SB,6,130,482,241
Adidas SB\43.jpg,Adidas SB,74,106,156,125
Adidas SB\43.jpg,Adidas SB,77,268,192,308
Adidas SB\44.jpg,Adidas SB,15,104,349,176
Adidas SB\45.jpg,Adidas SB,105,231,246,275
Adidas SB\46.jpg,Adidas SB,192,80,320,116
Adidas SB\47.jpg,Adidas SB,263,110,370,150
Adidas SB\48.jpg,Adidas SB,4,245,481,363
Adidas SB\49.jpg,Adidas SB,27,300,334,386
Adidas SB\5.jpg,Adidas SB,28,94,348,207
Adidas SB\50.jpg,Adidas SB,78,229,424,316
Adidas SB\51.jpg,Adidas SB,136,204,379,255
Adidas SB\53.jpg,Adidas SB,214,209,302,226
Adidas SB\54.jpg,Adidas SB,108,223,251,266
Adidas SB\56.jpg,Adidas SB,365,345,474,375
Adidas SB\57.jpg,Adidas SB,8,117,349,204
Adidas SB\58.jpg,Adidas SB,118,214,377,274
Adidas SB\6.jpg,Adidas SB,3,243,493,370
Adidas SB\60.jpg,Adidas SB,4,254,480,350
Adidas SB\62.jpg,Adidas SB,6,287,501,371
Adidas SB\63.jpg,Adidas SB,6,263,498,347
Adidas SB\64.jpg,Adidas SB,13,246,452,340
Adidas SB\65.jpg,Adidas SB,98,122,324,184
Adidas SB\66.jpg,Adidas SB,9,247,470,347
Adidas SB\67.jpg,Adidas SB,54,130,158,155
Adidas SB\67.jpg,Adidas SB,194,123,294,155
Adidas SB\67.jpg,Adidas SB,339,125,433,151
Adidas SB\68.jpg,Adidas SB,104,137,336,206
Adidas SB\69.jpg,Adidas SB,168,198,330,231
Adidas SB\7.jpg,Adidas SB,254,87,489,134
Adidas SB\70.jpg,Adidas SB,9,214,385,304
Adidas SB\71.jpg,Adidas SB,128,153,289,213
Adidas SB\72.jpg,Adidas SB,144,336,252,367
Adidas SB\73.jpg,Adidas SB,4,129,342,199
Adidas SB\74.jpg,Adidas SB,246,4,351,32
Adidas SB\8.jpg,Adidas SB,199,141,279,165
Adidas SB\8.jpg,Adidas SB,403,324,511,354
Adidas SB\9.jpg,Adidas SB,433,294,494,322
Armani\10.jpg,Armani,286,137,440,188
Armani\10.jpg,Armani,232,139,300,189
Armani\11.jpg,Armani,38,153,321,366
Armani\13.jpg,Armani,254,193,489,255
Armani\14.jpg,Armani,27,234,113,274
Armani\14.jpg,Armani,281,226,366,274
Armani\15.jpg,Armani,272,138,511,237
Armani\16.jpg,Armani,52,185,456,268
Armani\16.jpg,Armani,129,95,370,185
Armani\17.jpg,Armani,237,199,398,254
Armani\17.jpg,Armani,132,51,345,192
Armani\18.jpg,Armani,77,54,458,314
Armani\19.jpg,Armani,251,115,452,181
Armani\20.jpg,Armani,216,129,389,214
Armani\21.jpg,Armani,81,169,218,220
Armani\22.jpg,Armani,205,203,363,264
Armani\25.jpg,Armani,132,144,239,244
Armani\27.jpg,Armani,313,228,427,280
Armani\27.jpg,Armani,269,252,324,290
Armani\28.jpg,Armani,2,70,371,446
Armani\29.jpg,Armani,124,126,366,193
Armani\3.jpg,Armani,38,123,452,207
Armani\30.jpg,Armani,32,168,516,237
Armani\30.jpg,Armani,206,112,337,159
Armani\31.jpg,Armani,233,244,482,364
Armani\31.jpg,Armani,185,216,276,283
Armani\32.jpg,Armani,225,289,326,396
Armani\32.jpg,Armani,106,18,221,107
Armani\33.jpg,Armani,240,236,496,309
Armani\33.jpg,Armani,77,71,376,220
Armani\35.jpg,Armani,255,167,454,267
Armani\35.jpg,Armani,257,116,328,166
Armani\36.jpg,Armani,212,132,499,268
Armani\37.jpg,Armani,266,147,504,204
Armani\38.jpg,Armani,182,273,292,416
Armani\39.jpg,Armani,249,269,487,373
Armani\39.jpg,Armani,88,4,408,245
Armani\4.jpg,Armani,38,120,474,223
Armani\40.jpg,Armani,256,228,451,289
Armani\41.jpg,Armani,13,65,455,254
Armani\42.jpg,Armani,295,244,507,292
Armani\42.jpg,Armani,221,241,329,288
Armani\43.jpg,Armani,258,212,473,263
Armani\44.jpg,Armani,214,114,318,139
Armani\44.jpg,Armani,216,175,313,200
Armani\45.jpg,Armani,1,208,482,394
Armani\45.jpg,Armani,92,2,393,194
Armani\46.jpg,Armani,249,137,384,182
Armani\47.jpg,Armani,92,308,219,342
Armani\49.jpg,Armani,41,119,472,205
Armani\5.jpg,Armani,113,213,227,248
Armani\50.jpg,Armani,231,302,284,322
Armani\51.jpg,Armani,210,234,314,261
Armani\51.jpg,Armani,172,233,224,261
Armani\52.jpg,Armani,18,91,464,309
Armani\53.jpg,Armani,7,174,376,409
Armani\54.jpg,Armani,4,148,270,209
Armani\55.jpg,Armani,263,142,494,208
Armani\56.jpg,Armani,1,217,500,397
Armani\56.jpg,Armani,91,2,413,200
Armani\57.jpg,Armani,310,159,495,218
Armani\57.jpg,Armani,1,145,107,227
Armani\58.jpg,Armani,139,296,233,360
Armani\59.jpg,Armani,100,109,357,251
Armani\6.jpg,Armani,49,129,452,297
Armani\60.jpg,Armani,1,2,502,231
Armani\61.jpg,Armani,277,140,519,198
Armani\63.jpg,Armani,247,219,385,264
Armani\64.jpg,Armani,310,76,371,117
Armani\64.jpg,Armani,275,115,418,163
Armani\64.jpg,Armani,336,233,436,270
Armani\64.jpg,Armani,144,121,235,159
Armani\64.jpg,Armani,52,322,118,344
Armani\65.jpg,Armani,18,59,350,371
Armani\66.jpg,Armani,167,265,200,291
Armani\66.jpg,Armani,197,263,282,293
Armani\68.jpg,Armani,47,28,358,338
Armani\69.jpg,Armani,110,213,227,245
Armani\70.jpg,Armani,315,141,504,226
Armani\70.jpg,Armani,1,119,108,236
Armani\72.jpg,Armani,186,147,314,240
Armani\72.jpg,Armani,129,237,386,345
Armani\73.jpg,Armani,214,234,266,272
Armani\73.jpg,Armani,251,249,383,302
Armani\74.jpg,Armani,98,95,402,212
Armani\74.jpg,Armani,269,222,474,260
Armani\75.jpg,Armani,267,228,345,275
Armani\75.jpg,Armani,338,223,460,271
Armani\76.jpg,Armani,268,127,484,274
Armani\77.jpg,Armani,66,109,446,222
Armani\79.jpg,Armani,193,148,356,254
Armani\79.jpg,Armani,17,140,262,281
Armani\8.jpg,Armani,2,62,498,331
Armani\80.jpg,Armani,127,276,393,337
Armani\81.jpg,Armani,67,210,378,358
Armani\82.jpg,Armani,98,204,220,233
Armani\83.jpg,Armani,116,48,334,213
Armani\83.jpg,Armani,230,220,385,284
Armani\84.jpg,Armani,71,226,120,306
Armani\84.jpg,Armani,65,283,118,454
Armani\85.jpg,Armani,37,225,159,271
Armani\86.jpg,Armani,212,235,300,285
Armani\86.jpg,Armani,281,239,479,285
Armani\87.jpg,Armani,29,76,484,316
Armani\88.jpg,Armani,332,75,403,115
Armani\88.jpg,Armani,289,111,452,154
Armani\88.jpg,Armani,362,222,465,257
Armani\88.jpg,Armani,157,115,257,154
Armani\88.jpg,Armani,52,311,127,333
Armani\9.jpg,Armani,170,140,343,209
Armani\9.jpg,Armani,262,216,394,243
Armani\91.jpg,Armani,108,93,398,206
Armani\91.jpg,Armani,246,214,452,251
Armani\92.jpg,Armani,70,227,128,318
Armani\92.jpg,Armani,63,292,129,469
Armani\93.jpg,Armani,184,146,314,214
Armani\94.jpg,Armani,13,68,468,256
Armani\95.jpg,Armani,12,170,342,394
Armani\96.jpg,Armani,257,268,486,357
Asics\100.jpg,Asics,1,10,294,290
Asics\100.jpg,Asics,329,178,516,360
Asics\101.jpg,Asics,15,77,400,263
Asics\102.jpg,Asics,16,76,394,239
Asics\106.jpg,Asics,28,32,504,322
Asics\107.jpg,Asics,21,33,473,305
Asics\108.jpg,Asics,33,38,468,212
Asics\109.jpg,Asics,41,41,470,211
Asics\11.jpg,Asics,23,120,485,257
Asics\112.jpg,Asics,1,4,253,369
Asics\113.jpg,Asics,1,4,261,386
Asics\116.jpg,Asics,255,18,456,132
Asics\117.jpg,Asics,26,26,462,142
Asics\118.jpg,Asics,32,29,460,148
Asics\12.jpg,Asics,127,132,271,196
Asics\121.jpg,Asics,1,2,490,357
Asics\122.jpg,Asics,1,2,483,377
Asics\125.jpg,Asics,9,24,517,371
Asics\127.jpg,Asics,3,19,518,336
Asics\128.jpg,Asics,79,117,266,198
Asics\129.jpg,Asics,92,111,293,197
Asics\13.jpg,Asics,9,40,397,256
Asics\130.jpg,Asics,3,9,286,280
Asics\131.jpg,Asics,3,9,271,293
Asics\132.jpg,Asics,151,56,285,104
Asics\133.jpg,Asics,160,55,306,97
Asics\134.jpg,Asics,2,97,503,239
Asics\135.jpg,Asics,2,102,518,244
Asics\139.jpg,Asics,2,90,487,260
Asics\14.jpg,Asics,1,2,442,182
Asics\14.jpg,Asics,1,175,440,360
Asics\140.jpg,Asics,2,85,485,263
Asics\143.jpg,Asics,1,2,426,174
Asics\144.jpg,Asics,8,2,438,166
Asics\145.jpg,Asics,77,81,446,274
Asics\146.jpg,Asics,55,76,437,268
Asics\15.jpg,Asics,94,115,390,225
Asics\150.jpg,Asics,160,61,280,102
Asics\151.jpg,Asics,171,59,303,102
Asics\152.jpg,Asics,126,114,407,249
Asics\153.jpg,Asics,126,106,394,224
Asics\154.jpg,Asics,75,115,165,157
Asics\155.jpg,Asics,77,115,158,159
Asics\156.jpg,Asics,54,48,460,248
Asics\157.jpg,Asics,55,46,487,221
Asics\158.jpg,Asics,199,39,457,102
Asics\16.jpg,Asics,2,143,202,213
Asics\160.jpg,Asics,198,29,443,105
Asics\163.jpg,Asics,84,119,269,191
Asics\164.jpg,Asics,81,123,259,198
Asics\169.jpg,Asics,223,2,440,75
Asics\17.jpg,Asics,322,70,444,183
Asics\17.jpg,Asics,38,196,112,256
Asics\171.jpg,Asics,219,2,418,84
Asics\172.jpg,Asics,21,107,471,253
Asics\173.jpg,Asics,24,124,460,275
Asics\174.jpg,Asics,3,78,156,279
Asics\175.jpg,Asics,1,77,167,262
Asics\176.jpg,Asics,185,28,322,69
Asics\177.jpg,Asics,195,29,339,69
Asics\18.jpg,Asics,9,91,264,262
Asics\180.jpg,Asics,15,39,398,279
Asics\19.jpg,Asics,18,108,286,185
Asics\2.jpg,Asics,11,41,387,253
Asics\20.jpg,Asics,190,131,315,191
Asics\21.jpg,Asics,73,93,418,254
Asics\22.jpg,Asics,83,113,253,193
Asics\23.jpg,Asics,50,206,227,292
Asics\25.jpg,Asics,171,122,332,290
Asics\26.jpg,Asics,13,54,494,341
Asics\27.jpg,Asics,36,97,179,207
Asics\28.jpg,Asics,1,226,197,356
Asics\29.jpg,Asics,0,3,230,395
Asics\3.jpg,Asics,101,30,434,126
Asics\30.jpg,Asics,151,140,366,236
Asics\34.jpg,Asics,103,95,408,277
Asics\36.jpg,Asics,181,4,318,205
Asics\37.jpg,Asics,88,61,427,313
Asics\39.jpg,Asics,134,209,223,300
Asics\4.jpg,Asics,5,111,234,205
Asics\42.jpg,Asics,13,8,452,319
Asics\43.jpg,Asics,116,108,216,244
Asics\45.jpg,Asics,2,98,515,272
Asics\47.jpg,Asics,1,7,302,338
Asics\48.jpg,Asics,36,149,314,253
Asics\49.jpg,Asics,92,159,239,244
Asics\51.jpg,Asics,186,89,488,214
Asics\53.jpg,Asics,1,400,263,490
Asics\54.jpg,Asics,131,111,363,286
Asics\55.jpg,Asics,96,122,429,228
Asics\56.jpg,Asics,45,128,463,295
Asics\58.jpg,Asics,102,144,409,273
Asics\59.jpg,Asics,165,41,332,130
Asics\61.jpg,Asics,186,69,333,139
Asics\62.jpg,Asics,19,141,232,203
Asics\63.jpg,Asics,2,3,241,398
Asics\64.jpg,Asics,2,100,506,246
Asics\65.jpg,Asics,19,37,464,334
Asics\66.jpg,Asics,13,53,452,259
Asics\67.jpg,Asics,39,206,112,278
Asics\67.jpg,Asics,324,87,439,188
Asics\68.jpg,Asics,46,72,460,291
Asics\69.jpg,Asics,1,239,192,377
Asics\7.jpg,Asics,15,49,415,227
Asics\73.jpg,Asics,1,3,230,356
Asics\74.jpg,Asics,108,82,359,240
Asics\75.jpg,Asics,2,204,206,272
Asics\76.jpg,Asics,2,203,190,266
Asics\77.jpg,Asics,8,34,391,279
Asics\79.jpg,Asics,49,81,453,286
Asics\8.jpg,Asics,41,73,466,243
Asics\80.jpg,Asics,10,86,263,258
Asics\83.jpg,Asics,93,133,407,259
Asics\84.jpg,Asics,100,57,394,317
Asics\88.jpg,Asics,76,45,433,326
Asics\89.jpg,Asics,64,63,411,315
Asics\9.jpg,Asics,55,139,257,235
Asics\91.jpg,Asics,1,98,491,250
Asics\94.jpg,Asics,1,78,416,222
Asics\95.jpg,Asics,1,86,418,249
Asics\99.jpg,Asics,1,3,293,318
ASUS\10.jpg,ASUS,27,123,277,198
ASUS\100.jpg,ASUS,127,203,353,263
ASUS\102.jpg,ASUS,143,94,347,207
ASUS\104.jpg,ASUS,123,124,391,204
ASUS\105.jpg,ASUS,140,138,408,334
ASUS\106.jpg,ASUS,181,169,302,219
ASUS\107.jpg,ASUS,92,34,409,343
ASUS\108.jpg,ASUS,176,189,498,356
ASUS\109.jpg,ASUS,1,1,493,272
ASUS\11.jpg,ASUS,39,45,470,278
ASUS\110.jpg,ASUS,65,116,459,262
ASUS\111.jpg,ASUS,5,6,123,32
ASUS\112.jpg,ASUS,93,87,365,314
ASUS\113.jpg,ASUS,154,131,389,240
ASUS\114.jpg,ASUS,1,136,482,282
ASUS\115.jpg,ASUS,101,53,466,285
ASUS\116.jpg,ASUS,52,162,400,250
ASUS\117.jpg,ASUS,34,93,446,223
ASUS\118.jpg,ASUS,309,276,478,344
ASUS\119.jpg,ASUS,156,164,263,229
ASUS\12.jpg,ASUS,57,195,317,279
ASUS\120.jpg,ASUS,1,93,485,238
ASUS\122.jpg,ASUS,2,19,498,354
ASUS\123.jpg,ASUS,111,129,342,194
ASUS\124.jpg,ASUS,280,311,487,384
ASUS\125.jpg,ASUS,25,119,497,202
ASUS\127.jpg,ASUS,165,152,302,200
ASUS\128.jpg,ASUS,182,155,325,194
ASUS\129.jpg,ASUS,180,53,321,129
ASUS\130.jpg,ASUS,8,22,487,194
ASUS\131.jpg,ASUS,69,219,422,306
ASUS\132.jpg,ASUS,1,3,485,271
ASUS\133.jpg,ASUS,113,88,400,241
ASUS\134.jpg,ASUS,142,212,342,265
ASUS\135.jpg,ASUS,11,117,134,221
ASUS\135.jpg,ASUS,138,110,257,200
ASUS\135.jpg,ASUS,258,117,389,207
ASUS\135.jpg,ASUS,391,114,509,200
ASUS\138.jpg,ASUS,57,183,320,270
ASUS\139.jpg,ASUS,78,120,375,170
ASUS\139.jpg,ASUS,4,257,193,292
ASUS\140.jpg,ASUS,27,98,256,225
ASUS\142.jpg,ASUS,98,293,311,382
ASUS\15.jpg,ASUS,138,121,364,215
ASUS\16.jpg,ASUS,147,150,353,229
ASUS\17.jpg,ASUS,337,287,493,366
ASUS\18.jpg,ASUS,5,16,512,374
ASUS\19.jpg,ASUS,94,141,431,232
ASUS\20.jpg,ASUS,66,193,327,267
ASUS\21.jpg,ASUS,107,170,522,235
ASUS\22.jpg,ASUS,329,308,514,366
ASUS\23.jpg,ASUS,104,89,369,310
ASUS\24.jpg,ASUS,26,61,457,217
ASUS\25.jpg,ASUS,8,27,476,343
ASUS\27.jpg,ASUS,92,134,415,250
ASUS\28.jpg,ASUS,203,195,301,224
ASUS\29.jpg,ASUS,156,113,321,281
ASUS\3.jpg,ASUS,91,136,389,227
ASUS\30.jpg,ASUS,324,306,485,390
ASUS\32.jpg,ASUS,129,251,373,321
ASUS\33.jpg,ASUS,139,122,355,210
ASUS\34.jpg,ASUS,327,146,445,187
ASUS\36.jpg,ASUS,73,113,411,178
ASUS\36.jpg,ASUS,2,219,120,248
ASUS\37.jpg,ASUS,14,7,186,66
ASUS\38.jpg,ASUS,18,76,482,302
ASUS\39.jpg,ASUS,157,147,396,208
ASUS\4.jpg,ASUS,29,66,481,308
ASUS\40.jpg,ASUS,138,50,352,146
ASUS\41.jpg,ASUS,78,204,298,271
ASUS\42.jpg,ASUS,8,29,488,184
ASUS\43.jpg,ASUS,145,111,351,215
ASUS\44.jpg,ASUS,60,187,337,283
ASUS\45.jpg,ASUS,37,176,320,278
ASUS\46.jpg,ASUS,136,217,350,284
ASUS\47.jpg,ASUS,154,108,368,201
ASUS\48.jpg,ASUS,268,139,344,183
ASUS\50.jpg,ASUS,24,87,490,241
ASUS\54.jpg,ASUS,27,50,476,274
ASUS\56.jpg,ASUS,72,132,459,240
ASUS\58.jpg,ASUS,31,48,488,288
ASUS\59.jpg,ASUS,3,99,498,201
ASUS\6.jpg,ASUS,115,144,392,236
ASUS\60.jpg,ASUS,182,137,501,211
ASUS\60.jpg,ASUS,29,108,133,137
ASUS\61.jpg,ASUS,41,146,474,212
ASUS\62.jpg,ASUS,29,118,485,259
ASUS\63.jpg,ASUS,218,204,424,288
ASUS\64.jpg,ASUS,149,136,367,203
ASUS\65.jpg,ASUS,55,135,445,229
ASUS\66.jpg,ASUS,128,161,377,255
ASUS\67.jpg,ASUS,359,142,479,226
ASUS\68.jpg,ASUS,169,205,337,249
ASUS\69.jpg,ASUS,1,3,485,276
ASUS\7.jpg,ASUS,33,144,470,210
ASUS\71.jpg,ASUS,2,138,498,249
ASUS\72.jpg,ASUS,32,34,176,76
ASUS\73.jpg,ASUS,106,134,378,240
ASUS\74.jpg,ASUS,36,21,491,100
ASUS\75.jpg,ASUS,24,33,181,77
ASUS\76.jpg,ASUS,11,92,491,255
ASUS\77.jpg,ASUS,234,142,479,224
ASUS\78.jpg,ASUS,3,112,501,191
ASUS\79.jpg,ASUS,82,228,443,340
ASUS\8.jpg,ASUS,138,112,471,184
ASUS\80.jpg,ASUS,67,140,421,246
ASUS\81.jpg,ASUS,209,209,471,278
ASUS\82.jpg,ASUS,116,165,374,238
ASUS\83.jpg,ASUS,110,134,389,235
ASUS\85.jpg,ASUS,381,309,495,341
ASUS\86.jpg,ASUS,88,116,431,236
ASUS\87.jpg,ASUS,166,114,337,228
ASUS\88.jpg,ASUS,145,149,338,213
ASUS\89.jpg,ASUS,27,56,478,329
ASUS\9.jpg,ASUS,75,237,415,348
ASUS\90.jpg,ASUS,79,268,429,332
ASUS\91.jpg,ASUS,116,279,384,368
ASUS\92.jpg,ASUS,155,122,361,202
ASUS\94.jpg,ASUS,19,53,472,334
ASUS\95.jpg,ASUS,94,266,485,376
ASUS\96.jpg,ASUS,168,190,410,375
ASUS\97.jpg,ASUS,116,75,397,286
ASUS\98.jpg,ASUS,308,159,472,215
Balenciaga\1.jpg,Balenciaga,66,169,414,201
Balenciaga\10.jpg,Balenciaga,4,45,473,119
Balenciaga\10.jpg,Balenciaga,33,230,447,307
Balenciaga\100.jpg,Balenciaga,34,343,351,393
Balenciaga\101.jpg,Balenciaga,163,271,254,286
Balenciaga\102.jpg,Balenciaga,172,152,304,199
Balenciaga\103.jpg,Balenciaga,158,137,340,190
Balenciaga\104.jpg,Balenciaga,86,221,271,294
Balenciaga\104.jpg,Balenciaga,129,154,262,241
Balenciaga\105.jpg,Balenciaga,142,190,238,204
Balenciaga\105.jpg,Balenciaga,159,153,223,186
Balenciaga\106.jpg,Balenciaga,43,262,255,297
Balenciaga\107.jpg,Balenciaga,136,29,344,112
Balenciaga\107.jpg,Balenciaga,71,129,402,163
Balenciaga\107.jpg,Balenciaga,38,252,439,291
Balenciaga\108.jpg,Balenciaga,2,136,475,228
Balenciaga\109.jpg,Balenciaga,51,140,468,266
Balenciaga\11.jpg,Balenciaga,45,219,324,263
Balenciaga\11.jpg,Balenciaga,89,85,282,202
Balenciaga\110.jpg,Balenciaga,72,245,302,281
Balenciaga\111.jpg,Balenciaga,0,5,496,382
Balenciaga\112.jpg,Balenciaga,1,152,493,231
Balenciaga\113.jpg,Balenciaga,4,162,476,318
Balenciaga\113.jpg,Balenciaga,234,114,308,168
Balenciaga\114.jpg,Balenciaga,53,139,383,302
Balenciaga\115.jpg,Balenciaga,15,203,475,284
Balenciaga\116.jpg,Balenciaga,32,157,250,254
Balenciaga\117.jpg,Balenciaga,4,47,492,114
Balenciaga\117.jpg,Balenciaga,33,228,465,304
Balenciaga\118.jpg,Balenciaga,1,194,360,244
Balenciaga\118.jpg,Balenciaga,123,92,227,163
Balenciaga\12.jpg,Balenciaga,30,167,356,258
Balenciaga\13.jpg,Balenciaga,158,126,354,147
Balenciaga\14.jpg,Balenciaga,3,31,504,340
Balenciaga\15.jpg,Balenciaga,40,283,276,322
Balenciaga\16.jpg,Balenciaga,2,195,396,244
Balenciaga\16.jpg,Balenciaga,135,87,250,164
Balenciaga\18.jpg,Balenciaga,124,185,391,223
Balenciaga\18.jpg,Balenciaga,174,90,336,166
Balenciaga\19.jpg,Balenciaga,69,173,417,224
Balenciaga\2.jpg,Balenciaga,2,135,486,221
Balenciaga\20.jpg,Balenciaga,112,186,364,227
Balenciaga\20.jpg,Balenciaga,160,94,320,170
Balenciaga\21.jpg,Balenciaga,69,171,416,219
Balenciaga\22.jpg,Balenciaga,47,241,330,301
Balenciaga\22.jpg,Balenciaga,149,164,235,216
Balenciaga\23.jpg,Balenciaga,148,141,343,159
Balenciaga\24.jpg,Balenciaga,6,130,477,237
Balenciaga\25.jpg,Balenciaga,7,129,513,231
Balenciaga\26.jpg,Balenciaga,39,161,474,216
Balenciaga\27.jpg,Balenciaga,41,165,466,229
Balenciaga\28.jpg,Balenciaga,67,215,408,329
Balenciaga\28.jpg,Balenciaga,203,52,274,166
Balenciaga\29.jpg,Balenciaga,72,207,434,317
Balenciaga\29.jpg,Balenciaga,216,51,293,160
Balenciaga\3.jpg,Balenciaga,172,206,335,232
Balenciaga\3.jpg,Balenciaga,201,142,309,196
Balenciaga\30.jpg,Balenciaga,152,186,356,211
Balenciaga\31.jpg,Balenciaga,72,177,453,204
Balenciaga\32.jpg,Balenciaga,149,178,342,206
Balenciaga\33.jpg,Balenciaga,119,186,355,231
Balenciaga\34.jpg,Balenciaga,126,185,376,234
Balenciaga\35.jpg,Balenciaga,142,162,320,249
Balenciaga\36.jpg,Balenciaga,156,175,346,270
Balenciaga\37.jpg,Balenciaga,29,132,471,245
Balenciaga\38.jpg,Balenciaga,28,143,455,235
Balenciaga\39.jpg,Balenciaga,14,225,353,269
Balenciaga\4.jpg,Balenciaga,142,166,379,203
Balenciaga\40.jpg,Balenciaga,14,232,340,276
Balenciaga\41.jpg,Balenciaga,261,41,468,66
Balenciaga\42.jpg,Balenciaga,125,105,376,265
Balenciaga\43.jpg,Balenciaga,270,41,477,68
Balenciaga\44.jpg,Balenciaga,2,325,415,352
Balenciaga\45.jpg,Balenciaga,2,332,416,364
Balenciaga\48.jpg,Balenciaga,267,325,492,339
Balenciaga\49.jpg,Balenciaga,255,346,473,363
Balenciaga\5.jpg,Balenciaga,65,185,445,255
Balenciaga\5.jpg,Balenciaga,188,89,323,176
Balenciaga\50.jpg,Balenciaga,72,130,476,242
Balenciaga\51.jpg,Balenciaga,69,124,451,235
Balenciaga\52.jpg,Balenciaga,78,304,273,340
Balenciaga\53.jpg,Balenciaga,129,109,376,263
Balenciaga\54.jpg,Balenciaga,79,304,273,331
Balenciaga\55.jpg,Balenciaga,3,136,491,187
Balenciaga\56.jpg,Balenciaga,52,92,456,230
Balenciaga\57.jpg,Balenciaga,49,93,427,222
Balenciaga\58.jpg,Balenciaga,162,167,355,193
Balenciaga\59.jpg,Balenciaga,156,156,339,181
Balenciaga\6.jpg,Balenciaga,58,143,444,206
Balenciaga\60.jpg,Balenciaga,3,142,502,197
Balenciaga\61.jpg,Balenciaga,145,170,357,193
Balenciaga\62.jpg,Balenciaga,144,171,355,196
Balenciaga\63.jpg,Balenciaga,2,12,492,216
Balenciaga\64.jpg,Balenciaga,2,201,360,236
Balenciaga\65.jpg,Balenciaga,2,11,504,210
Balenciaga\68.jpg,Balenciaga,98,169,387,205
Balenciaga\69.jpg,Balenciaga,100,160,378,198
Balenciaga\7.jpg,Balenciaga,186,135,334,152
Balenciaga\7.jpg,Balenciaga,244,103,274,119
Balenciaga\70.jpg,Balenciaga,142,160,383,194
Balenciaga\71.jpg,Balenciaga,34,218,344,264
Balenciaga\71.jpg,Balenciaga,86,90,306,206
Balenciaga\72.jpg,Balenciaga,103,154,273,174
Balenciaga\72.jpg,Balenciaga,167,126,209,151
Balenciaga\73.jpg,Balenciaga,58,182,417,215
Balenciaga\73.jpg,Balenciaga,193,119,279,164
Balenciaga\74.jpg,Balenciaga,43,337,361,381
Balenciaga\74.jpg,Balenciaga,98,228,310,324
Balenciaga\75.jpg,Balenciaga,4,206,391,239
Balenciaga\76.jpg,Balenciaga,37,195,352,247
Balenciaga\76.jpg,Balenciaga,140,118,239,165
Balenciaga\77.jpg,Balenciaga,78,221,283,249
Balenciaga\78.jpg,Balenciaga,1,151,358,471
Balenciaga\79.jpg,Balenciaga,62,188,415,239
Balenciaga\79.jpg,Balenciaga,179,84,302,171
Balenciaga\8.jpg,Balenciaga,52,233,342,278
Balenciaga\8.jpg,Balenciaga,97,89,297,205
Balenciaga\80.jpg,Balenciaga,165,141,225,178
Balenciaga\81.jpg,Balenciaga,157,201,336,215
Balenciaga\82.jpg,Balenciaga,28,131,472,351
Balenciaga\83.jpg,Balenciaga,125,203,271,225
Balenciaga\83.jpg,Balenciaga,187,165,213,184
Balenciaga\84.jpg,Balenciaga,131,182,380,246
Balenciaga\85.jpg,Balenciaga,185,179,299,218
Balenciaga\86.jpg,Balenciaga,60,165,449,226
Balenciaga\87.jpg,Balenciaga,191,132,330,145
Balenciaga\88.jpg,Balenciaga,137,174,253,196
Balenciaga\89.jpg,Balenciaga,56,146,443,215
Balenciaga\9.jpg,Balenciaga,52,142,472,267
Balenciaga\90.jpg,Balenciaga,209,147,343,175
Balenciaga\91.jpg,Balenciaga,174,165,347,185
Balenciaga\91.jpg,Balenciaga,244,119,275,140
Balenciaga\92.jpg,Balenciaga,113,300,281,379
Balenciaga\92.jpg,Balenciaga,17,388,361,463
Balenciaga\93.jpg,Balenciaga,32,204,351,238
Balenciaga\93.jpg,Balenciaga,146,127,234,173
Balenciaga\94.jpg,Balenciaga,34,183,350,278
Balenciaga\95.jpg,Balenciaga,176,138,309,152
Balenciaga\95.jpg,Balenciaga,228,106,255,123
Balenciaga\96.jpg,Balenciaga,1,252,326,425
Balenciaga\96.jpg,Balenciaga,79,92,304,306
Balenciaga\97.jpg,Balenciaga,62,162,450,219
Balenciaga\98.jpg,Balenciaga,116,173,252,195
Balenciaga\98.jpg,Balenciaga,168,133,203,163
Balenciaga\99.jpg,Balenciaga,64,157,461,183
BEATS BY DRE\0.jpg,BEATS BY DRE,4,263,488,349
BEATS BY DRE\12.jpg,BEATS BY DRE,4,157,74,220
BEATS BY DRE\13.jpg,BEATS BY DRE,221,144,282,231
BEATS BY DRE\15.jpg,BEATS BY DRE,214,88,305,166
BEATS BY DRE\16.jpg,BEATS BY DRE,56,64,253,319
BEATS BY DRE\17.jpg,BEATS BY DRE,57,118,132,225
BEATS BY DRE\18.jpg,BEATS BY DRE,184,62,295,221
BEATS BY DRE\19.jpg,BEATS BY DRE,245,10,459,257
BEATS BY DRE\2.jpg,BEATS BY DRE,224,42,294,169
BEATS BY DRE\20.jpg,BEATS BY DRE,191,75,320,176
BEATS BY DRE\21.jpg,BEATS BY DRE,163,16,459,366
BEATS BY DRE\22.jpg,BEATS BY DRE,118,162,246,284
BEATS BY DRE\23.jpg,BEATS BY DRE,152,38,316,210
BEATS BY DRE\24.jpg,BEATS BY DRE,80,76,426,178
BEATS BY DRE\25.jpg,BEATS BY DRE,116,235,266,292
BEATS BY DRE\26.jpg,BEATS BY DRE,38,28,459,354
BEATS BY DRE\27.jpg,BEATS BY DRE,154,48,325,224
BEATS BY DRE\28.jpg,BEATS BY DRE,142,12,175,43
BEATS BY DRE\29.jpg,BEATS BY DRE,131,62,385,357
BEATS BY DRE\3.jpg,BEATS BY DRE,166,98,336,261
BEATS BY DRE\30.jpg,BEATS BY DRE,86,65,185,142
BEATS BY DRE\31.jpg,BEATS BY DRE,193,115,333,282
BEATS BY DRE\32.jpg,BEATS BY DRE,199,129,291,251
BEATS BY DRE\33.jpg,BEATS BY DRE,55,237,128,291
BEATS BY DRE\34.jpg,BEATS BY DRE,44,15,453,344
BEATS BY DRE\35.jpg,BEATS BY DRE,176,79,355,271
BEATS BY DRE\36.jpg,BEATS BY DRE,182,28,305,214
BEATS BY DRE\37.jpg,BEATS BY DRE,259,107,371,238
BEATS BY DRE\38.jpg,BEATS BY DRE,59,77,218,283
BEATS BY DRE\39.jpg,BEATS BY DRE,205,100,307,243
BEATS BY DRE\4.jpg,BEATS BY DRE,145,68,353,292
BEATS BY DRE\40.jpg,BEATS BY DRE,215,127,321,221
BEATS BY DRE\41.jpg,BEATS BY DRE,201,135,300,245
BEATS BY DRE\42.jpg,BEATS BY DRE,169,70,343,200
BEATS BY DRE\43.jpg,BEATS BY DRE,29,28,341,335
BEATS BY DRE\44.jpg,BEATS BY DRE,153,213,187,246
BEATS BY DRE\45.jpg,BEATS BY DRE,70,135,277,336
BEATS BY DRE\46.jpg,BEATS BY DRE,64,210,123,251
BEATS BY DRE\48.jpg,BEATS BY DRE,61,138,419,204
BEATS BY DRE\49.jpg,BEATS BY DRE,154,220,247,289
BEATS BY DRE\5.jpg,BEATS BY DRE,9,6,488,352
BEATS BY DRE\50.jpg,BEATS BY DRE,137,228,198,293
BEATS BY DRE\51.jpg,BEATS BY DRE,216,138,296,207
BEATS BY DRE\52.jpg,BEATS BY DRE,133,75,350,286
BEATS BY DRE\53.jpg,BEATS BY DRE,324,241,386,302
BEATS BY DRE\54.jpg,BEATS BY DRE,175,79,325,201
BEATS BY DRE\55.jpg,BEATS BY DRE,317,191,383,276
BEATS BY DRE\56.jpg,BEATS BY DRE,150,92,214,143
BEATS BY DRE\57.jpg,BEATS BY DRE,56,134,379,201
BEATS BY DRE\58.jpg,BEATS BY DRE,226,283,247,332
BEATS BY DRE\59.jpg,BEATS BY DRE,193,93,293,189
BEATS BY DRE\6.jpg,BEATS BY DRE,26,79,191,296
BEATS BY DRE\60.jpg,BEATS BY DRE,109,4,383,231
BEATS BY DRE\61.jpg,BEATS BY DRE,294,63,465,319
BEATS BY DRE\62.jpg,BEATS BY DRE,43,17,470,374
BEATS BY DRE\63.jpg,BEATS BY DRE,393,215,446,269
BEATS BY DRE\64.jpg,BEATS BY DRE,24,11,114,56
BEATS BY DRE\65.jpg,BEATS BY DRE,353,256,417,321
BEATS BY DRE\66.jpg,BEATS BY DRE,263,316,313,380
BEATS BY DRE\67.jpg,BEATS BY DRE,172,14,295,135
BEATS BY DRE\68.jpg,BEATS BY DRE,231,129,313,227
BEATS BY DRE\69.jpg,BEATS BY DRE,62,199,153,283
BEATS BY DRE\70.jpg,BEATS BY DRE,120,283,191,348
BEATS BY DRE\71.jpg,BEATS BY DRE,146,68,350,334
BEATS BY DRE\72.jpg,BEATS BY DRE,119,31,172,96
BEATS BY DRE\73.jpg,BEATS BY DRE,98,216,236,327
BEATS BY DRE\73.jpg,BEATS BY DRE,114,130,194,190
BEATS BY DRE\73.jpg,BEATS BY DRE,112,63,159,111
BEATS BY DRE\74.jpg,BEATS BY DRE,326,270,394,331
BEATS BY DRE\75.jpg,BEATS BY DRE,300,245,335,288
BEATS BY DRE\76.jpg,BEATS BY DRE,264,371,308,438
BEATS BY DRE\77.jpg,BEATS BY DRE,234,159,291,222
BEATS BY DRE\78.jpg,BEATS BY DRE,252,137,300,177
BEATS BY DRE\78.jpg,BEATS BY DRE,200,188,290,310
BEATS BY DRE\78.jpg,BEATS BY DRE,150,140,194,177
BEATS BY DRE\78.jpg,BEATS BY DRE,37,135,96,177
BEATS BY DRE\78.jpg,BEATS BY DRE,366,133,404,177
BEATS BY DRE\79.jpg,BEATS BY DRE,312,157,365,218
BEATS BY DRE\8.jpg,BEATS BY DRE,160,47,379,297
BEATS BY DRE\80.jpg,BEATS BY DRE,231,154,281,207
BEATS BY DRE\81.jpg,BEATS BY DRE,159,152,187,183
BEATS BY DRE\81.jpg,BEATS BY DRE,348,145,373,190
BEATS BY DRE\81.jpg,BEATS BY DRE,403,71,436,124
BEATS BY DRE\82.jpg,BEATS BY DRE,181,116,320,252
BEATS BY DRE\9.jpg,BEATS BY DRE,120,97,252,234
BenQ\0.jpg,BenQ,17,17,189,262
BenQ\12.jpg,BenQ,31,133,238,313
BenQ\13.jpg,BenQ,6,104,511,234
BenQ\15.jpg,BenQ,251,257,477,347
BenQ\2.jpg,BenQ,111,144,424,255
BenQ\20.jpg,BenQ,158,80,348,226
BenQ\22.jpg,BenQ,10,10,521,331
BenQ\23.jpg,BenQ,69,116,416,228
BenQ\24.jpg,BenQ,60,162,240,232
BenQ\25.jpg,BenQ,1,16,196,352
BenQ\26.jpg,BenQ,179,130,249,172
BenQ\27.jpg,BenQ,62,87,203,148
BenQ\28.jpg,BenQ,19,116,257,286
BenQ\29.jpg,BenQ,133,125,332,194
BenQ\30.jpg,BenQ,70,125,442,250
BenQ\31.jpg,BenQ,34,97,475,267
BenQ\35.jpg,BenQ,12,46,103,122
BenQ\36.jpg,BenQ,16,134,154,256
BenQ\37.jpg,BenQ,11,56,478,211
BenQ\38.jpg,BenQ,123,125,363,260
BenQ\39.jpg,BenQ,28,212,479,374
BenQ\4.jpg,BenQ,24,86,500,275
BenQ\40.jpg,BenQ,29,170,389,339
BenQ\41.jpg,BenQ,58,106,426,273
BenQ\42.jpg,BenQ,37,112,467,254
BenQ\43.jpg,BenQ,13,12,416,138
BenQ\44.jpg,BenQ,166,179,307,252
BenQ\46.jpg,BenQ,44,85,508,201
BenQ\47.jpg,BenQ,216,145,313,193
BenQ\48.jpg,BenQ,112,201,220,262
BenQ\49.jpg,BenQ,83,143,217,200
BenQ\5.jpg,BenQ,41,145,228,273
BenQ\51.jpg,BenQ,159,159,322,205
BenQ\52.jpg,BenQ,179,137,335,197
BenQ\53.jpg,BenQ,1,30,281,353
BenQ\54.jpg,BenQ,10,20,494,179
BenQ\55.jpg,BenQ,186,184,325,219
BenQ\56.jpg,BenQ,46,151,433,251
BenQ\58.jpg,BenQ,2,5,500,163
BenQ\59.jpg,BenQ,52,83,242,322
BenQ\6.jpg,BenQ,3,104,499,230
BenQ\60.jpg,BenQ,16,152,84,248
BenQ\61.jpg,BenQ,68,92,440,200
BenQ\64.jpg,BenQ,10,35,506,311
BenQ\65.jpg,BenQ,77,91,456,220
BenQ\7.jpg,BenQ,5,5,483,205
BenQ\8.jpg,BenQ,104,160,412,273
BenQ\9.jpg,BenQ,54,119,418,260
Bentley\100.jpg,Bentley,33,79,450,268
Bentley\102.jpg,Bentley,116,95,394,235
Bentley\103.jpg,Bentley,62,93,434,260
Bentley\106.jpg,Bentley,162,117,391,204
Bentley\107.jpg,Bentley,90,114,476,262
Bentley\11.jpg,Bentley,4,144,345,344
Bentley\110.jpg,Bentley,112,137,442,290
Bentley\111.jpg,Bentley,54,98,312,232
Bentley\113.jpg,Bentley,148,28,335,203
Bentley\115.jpg,Bentley,36,38,455,216
Bentley\117.jpg,Bentley,139,144,271,257
Bentley\119.jpg,Bentley,35,118,460,316
Bentley\12.jpg,Bentley,33,13,462,275
Bentley\120.jpg,Bentley,35,162,480,306
Bentley\121.jpg,Bentley,49,56,460,273
Bentley\123.jpg,Bentley,32,75,465,211
Bentley\124.jpg,Bentley,105,34,431,212
Bentley\126.jpg,Bentley,49,27,470,169
Bentley\130.jpg,Bentley,179,65,493,250
Bentley\131.jpg,Bentley,13,124,495,259
Bentley\132.jpg,Bentley,74,67,470,300
Bentley\133.jpg,Bentley,35,27,388,260
Bentley\134.jpg,Bentley,17,44,491,370
Bentley\135.jpg,Bentley,104,23,431,323
Bentley\136.jpg,Bentley,32,71,454,196
Bentley\139.jpg,Bentley,14,40,451,363
Bentley\14.jpg,Bentley,39,42,440,256
Bentley\140.jpg,Bentley,31,76,450,274
Bentley\141.jpg,Bentley,130,63,466,311
Bentley\142.jpg,Bentley,100,106,423,247
Bentley\143.jpg,Bentley,48,95,425,251
Bentley\144.jpg,Bentley,108,55,465,263
Bentley\145.jpg,Bentley,297,24,467,120
Bentley\146.jpg,Bentley,115,131,402,239
Bentley\149.jpg,Bentley,63,109,432,278
Bentley\15.jpg,Bentley,72,34,211,345
Bentley\150.jpg,Bentley,11,28,485,227
Bentley\151.jpg,Bentley,74,65,448,281
Bentley\152.jpg,Bentley,65,30,449,351
Bentley\153.jpg,Bentley,40,98,468,292
Bentley\154.jpg,Bentley,49,45,490,290
Bentley\156.jpg,Bentley,149,87,337,331
Bentley\159.jpg,Bentley,18,98,472,255
Bentley\16.jpg,Bentley,124,123,348,222
Bentley\160.jpg,Bentley,23,103,477,290
Bentley\161.jpg,Bentley,124,88,350,224
Bentley\162.jpg,Bentley,145,122,439,257
Bentley\163.jpg,Bentley,73,124,425,271
Bentley\165.jpg,Bentley,6,65,500,249
Bentley\166.jpg,Bentley,13,3,415,162
Bentley\168.jpg,Bentley,6,98,498,288
Bentley\169.jpg,Bentley,158,13,443,231
Bentley\17.jpg,Bentley,34,64,479,183
Bentley\18.jpg,Bentley,10,97,482,263
Bentley\2.jpg,Bentley,18,35,499,252
Bentley\20.jpg,Bentley,7,56,206,142
Bentley\20.jpg,Bentley,246,50,464,175
Bentley\20.jpg,Bentley,17,250,198,310
Bentley\20.jpg,Bentley,311,220,471,379
Bentley\23.jpg,Bentley,38,41,459,268
Bentley\25.jpg,Bentley,116,62,350,125
Bentley\26.jpg,Bentley,35,46,466,282
Bentley\27.jpg,Bentley,27,75,442,255
Bentley\29.jpg,Bentley,57,38,417,103
Bentley\29.jpg,Bentley,63,109,452,205
Bentley\29.jpg,Bentley,74,209,472,343
Bentley\3.jpg,Bentley,58,99,433,264
Bentley\30.jpg,Bentley,173,59,504,244
Bentley\31.jpg,Bentley,100,125,378,216
Bentley\33.jpg,Bentley,7,18,506,205
Bentley\35.jpg,Bentley,14,94,501,298
Bentley\36.jpg,Bentley,98,103,379,233
Bentley\37.jpg,Bentley,142,86,381,164
Bentley\38.jpg,Bentley,23,75,457,322
Bentley\40.jpg,Bentley,45,53,508,267
Bentley\42.jpg,Bentley,10,238,368,390
Bentley\44.jpg,Bentley,1,85,519,271
Bentley\47.jpg,Bentley,24,23,498,311
Bentley\48.jpg,Bentley,68,127,455,288
Bentley\50.jpg,Bentley,10,67,509,266
Bentley\52.jpg,Bentley,30,86,432,284
Bentley\54.jpg,Bentley,35,87,449,242
Bentley\55.jpg,Bentley,16,99,451,256
Bentley\56.jpg,Bentley,127,133,196,252
Bentley\57.jpg,Bentley,30,50,505,347
Bentley\59.jpg,Bentley,22,111,441,276
Bentley\6.jpg,Bentley,78,117,434,270
Bentley\61.jpg,Bentley,208,196,325,248
Bentley\62.jpg,Bentley,27,93,386,266
Bentley\63.jpg,Bentley,105,48,473,264
Bentley\64.jpg,Bentley,59,24,424,255
Bentley\66.jpg,Bentley,118,41,365,279
Bentley\68.jpg,Bentley,19,55,495,209
Bentley\69.jpg,Bentley,34,82,502,236
Bentley\7.jpg,Bentley,107,138,398,240
Bentley\72.jpg,Bentley,90,61,383,235
Bentley\73.jpg,Bentley,163,112,353,191
Bentley\74.jpg,Bentley,104,39,383,313
Bentley\76.jpg,Bentley,140,110,373,214
Bentley\77.jpg,Bentley,71,128,415,246
Bentley\79.jpg,Bentley,40,94,478,303
Bentley\8.jpg,Bentley,67,39,402,283
Bentley\80.jpg,Bentley,37,81,458,214
Bentley\81.jpg,Bentley,21,79,480,312
Bentley\83.jpg,Bentley,47,104,476,303
Bentley\85.jpg,Bentley,25,106,491,271
Bentley\86.jpg,Bentley,95,97,455,266
Bentley\87.jpg,Bentley,27,78,468,233
Bentley\89.jpg,Bentley,73,32,482,327
Bentley\9.jpg,Bentley,47,12,420,159
Bentley\90.jpg,Bentley,100,100,413,212
Bentley\91.jpg,Bentley,115,30,369,192
Bentley\92.jpg,Bentley,72,43,425,305
Bentley\93.jpg,Bentley,44,62,463,209
Bentley\94.jpg,Bentley,16,157,279,336
Bentley\95.jpg,Bentley,38,41,459,328
Bentley\96.jpg,Bentley,39,84,255,182
Bentley\98.jpg,Bentley,94,122,382,241
Bentley\99.jpg,Bentley,142,157,336,245
BMW\10.jpg,BMW,162,93,328,274
BMW\12.jpg,BMW,161,18,350,353
BMW\13.jpg,BMW,159,68,367,329
BMW\15.jpg,BMW,164,92,326,302
BMW\17.jpg,BMW,148,31,428,316
BMW\18.jpg,BMW,184,115,323,287
BMW\19.jpg,BMW,125,79,364,351
BMW\20.jpg,BMW,77,37,443,343
BMW\23.jpg,BMW,56,25,342,277
BMW\24.jpg,BMW,1,1,359,422
BMW\25.jpg,BMW,173,103,338,271
BMW\28.jpg,BMW,28,1,360,375
BMW\29.jpg,BMW,10,1,157,154
BMW\29.jpg,BMW,182,1,336,158
BMW\29.jpg,BMW,369,1,515,150
BMW\29.jpg,BMW,366,192,520,356
BMW\29.jpg,BMW,201,216,328,335
BMW\29.jpg,BMW,5,195,163,351
BMW\32.jpg,BMW,1,1,383,413
BMW\34.jpg,BMW,145,12,356,251
BMW\35.jpg,BMW,209,2,322,349
BMW\36.jpg,BMW,1,1,498,367
BMW\38.jpg,BMW,1,102,257,309
BMW\39.jpg,BMW,62,2,458,288
BMW\40.jpg,BMW,108,85,388,303
BMW\41.jpg,BMW,100,22,425,349
BMW\42.jpg,BMW,115,192,265,308
BMW\43.jpg,BMW,130,40,397,305
BMW\46.jpg,BMW,133,103,456,344
BMW\48.jpg,BMW,89,5,410,367
BMW\50.jpg,BMW,184,50,335,240
BMW\51.jpg,BMW,202,39,435,289
BMW\52.jpg,BMW,1,1,266,227
BMW\55.jpg,BMW,144,130,213,229
BMW\55.jpg,BMW,236,128,332,211
BMW\56.jpg,BMW,153,101,328,270
BMW\58.jpg,BMW,82,53,459,375
BMW\59.jpg,BMW,65,46,450,367
BMW\6.jpg,BMW,59,11,451,368
BMW\60.jpg,BMW,80,10,413,383
BMW\61.jpg,BMW,151,11,386,385
BMW\62.jpg,BMW,64,57,419,346
BMW\63.jpg,BMW,229,31,460,258
BMW\65.jpg,BMW,149,125,313,280
BMW\66.jpg,BMW,1,1,510,390
BMW\67.jpg,BMW,157,117,354,302
BMW\69.jpg,BMW,66,40,405,330
BMW\70.jpg,BMW,46,1,473,355
BMW\72.jpg,BMW,123,74,407,339
BMW\74.jpg,BMW,127,103,369,250
BMW\76.jpg,BMW,190,124,309,254
BMW\77.jpg,BMW,210,1,300,86
BMW\78.jpg,BMW,326,138,423,225
BMW\79.jpg,BMW,178,105,328,287
BOSCH\0.jpg,BOSCH,151,103,493,217
BOSCH\1.jpg,BOSCH,184,151,437,229
BOSCH\10.jpg,BOSCH,142,147,486,246
BOSCH\11.jpg,BOSCH,154,109,511,234
BOSCH\12.jpg,BOSCH,9,280,514,387
BOSCH\13.jpg,BOSCH,13,62,358,185
BOSCH\14.jpg,BOSCH,9,69,389,189
BOSCH\15.jpg,BOSCH,255,23,423,76
BOSCH\15.jpg,BOSCH,247,95,429,145
BOSCH\15.jpg,BOSCH,249,165,430,215
BOSCH\15.jpg,BOSCH,254,241,428,290
BOSCH\15.jpg,BOSCH,254,312,421,361
BOSCH\15.jpg,BOSCH,11,3,102,90
BOSCH\15.jpg,BOSCH,9,95,101,189
BOSCH\15.jpg,BOSCH,8,201,93,287
BOSCH\15.jpg,BOSCH,7,296,106,374
BOSCH\16.jpg,BOSCH,140,149,498,213
BOSCH\17.jpg,BOSCH,16,182,336,317
BOSCH\18.jpg,BOSCH,42,146,446,230
BOSCH\19.jpg,BOSCH,220,151,462,196
BOSCH\2.jpg,BOSCH,150,82,494,214
BOSCH\20.jpg,BOSCH,159,136,503,232
BOSCH\21.jpg,BOSCH,1,14,522,183
BOSCH\22.jpg,BOSCH,161,136,517,204
BOSCH\23.jpg,BOSCH,157,118,502,243
BOSCH\24.jpg,BOSCH,154,34,511,238
BOSCH\25.jpg,BOSCH,6,55,376,165
BOSCH\26.jpg,BOSCH,153,47,521,319
BOSCH\27.jpg,BOSCH,166,62,475,248
BOSCH\28.jpg,BOSCH,156,42,504,259
BOSCH\29.jpg,BOSCH,134,96,501,281
BOSCH\3.jpg,BOSCH,149,135,502,223
BOSCH\30.jpg,BOSCH,137,137,514,226
BOSCH\31.jpg,BOSCH,161,126,473,207
BOSCH\32.jpg,BOSCH,160,134,480,232
BOSCH\33.jpg,BOSCH,129,48,485,304
BOSCH\34.jpg,BOSCH,153,24,497,238
BOSCH\35.jpg,BOSCH,153,68,505,215
BOSCH\36.jpg,BOSCH,29,70,379,175
BOSCH\37.jpg,BOSCH,156,92,520,218
BOSCH\38.jpg,BOSCH,156,53,501,318
BOSCH\39.jpg,BOSCH,164,42,524,309
BOSCH\4.jpg,BOSCH,148,54,506,319
BOSCH\40.jpg,BOSCH,151,49,498,339
BOSCH\41.jpg,BOSCH,152,55,490,231
BOSCH\42.jpg,BOSCH,160,38,503,241
BOSCH\43.jpg,BOSCH,48,60,452,336
BOSCH\44.jpg,BOSCH,146,35,480,238
BOSCH\45.jpg,BOSCH,163,38,522,200
BOSCH\46.jpg,BOSCH,157,57,487,317
BOSCH\47.jpg,BOSCH,16,70,363,210
BOSCH\48.jpg,BOSCH,134,132,509,231
BOSCH\49.jpg,BOSCH,160,28,512,211
BOSCH\5.jpg,BOSCH,121,55,497,291
BOSCH\50.jpg,BOSCH,133,56,485,337
BOSCH\51.jpg,BOSCH,159,148,491,236
BOSCH\52.jpg,BOSCH,161,65,511,320
BOSCH\53.jpg,BOSCH,154,50,513,331
BOSCH\54.jpg,BOSCH,45,52,468,298
BOSCH\55.jpg,BOSCH,187,165,362,216
BOSCH\56.jpg,BOSCH,1,6,485,370
BOSCH\57.jpg,BOSCH,58,131,361,204
BOSCH\58.jpg,BOSCH,161,62,468,166
BOSCH\59.jpg,BOSCH,1,218,510,366
BOSCH\6.jpg,BOSCH,140,59,524,310
BOSCH\60.jpg,BOSCH,12,50,393,148
BOSCH\61.jpg,BOSCH,140,51,507,304
BOSCH\62.jpg,BOSCH,158,50,481,230
BOSCH\63.jpg,BOSCH,144,48,481,243
BOSCH\64.jpg,BOSCH,156,47,504,315
BOSCH\65.jpg,BOSCH,153,67,492,209
BOSCH\66.jpg,BOSCH,130,51,512,352
BOSCH\67.jpg,BOSCH,135,30,523,314
BOSCH\68.jpg,BOSCH,160,74,505,279
BOSCH\69.jpg,BOSCH,58,134,428,225
BOSCH\7.jpg,BOSCH,133,26,495,346
BOSCH\70.jpg,BOSCH,166,59,469,242
BOSCH\71.jpg,BOSCH,140,67,502,295
BOSCH\72.jpg,BOSCH,147,31,515,250
BOSCH\73.jpg,BOSCH,149,46,490,346
BOSCH\74.jpg,BOSCH,127,74,482,311
BOSCH\75.jpg,BOSCH,30,135,487,246
BOSCH\76.jpg,BOSCH,164,67,451,152
BOSCH\77.jpg,BOSCH,156,49,496,316
BOSCH\78.jpg,BOSCH,153,75,503,296
BOSCH\79.jpg,BOSCH,153,101,513,270
BOSCH\8.jpg,BOSCH,163,154,513,258
BOSCH\80.jpg,BOSCH,128,52,483,274
BOSCH\81.jpg,BOSCH,70,207,348,289
BOSCH\81.jpg,BOSCH,35,44,236,95
BOSCH\82.jpg,BOSCH,139,129,495,201
BOSCH\83.jpg,BOSCH,151,88,502,340
BOSCH\84.jpg,BOSCH,46,144,454,235
BOSCH\85.jpg,BOSCH,93,140,402,215
BOSCH\86.jpg,BOSCH,157,84,495,222
BOSCH\87.jpg,BOSCH,163,51,502,215
BOSCH\9.jpg,BOSCH,162,97,470,297
BOSS\1.jpg,BOSS,2,113,514,232
BOSS\11.jpg,BOSS,93,136,496,229
BOSS\12.jpg,BOSS,1,357,385,511
BOSS\13.jpg,BOSS,37,32,491,161
BOSS\15.jpg,BOSS,46,121,456,221
BOSS\18.jpg,BOSS,99,147,395,282
BOSS\19.jpg,BOSS,24,77,476,292
BOSS\21.jpg,BOSS,69,95,460,232
BOSS\22.jpg,BOSS,223,99,439,188
BOSS\24.jpg,BOSS,22,66,501,248
BOSS\25.jpg,BOSS,24,47,499,251
BOSS\28.jpg,BOSS,14,15,484,333
BOSS\29.jpg,BOSS,1,10,344,374
BOSS\3.jpg,BOSS,75,205,428,303
BOSS\30.jpg,BOSS,65,133,443,244
BOSS\32.jpg,BOSS,212,90,417,174
BOSS\37.jpg,BOSS,219,88,447,188
BOSS\4.jpg,BOSS,64,154,446,295
BOSS\40.jpg,BOSS,203,92,436,190
BOSS\43.jpg,BOSS,1,212,154,293
BOSS\45.jpg,BOSS,92,83,415,272
BOSS\46.jpg,BOSS,192,43,515,251
BOSS\48.jpg,BOSS,134,21,277,361
BOSS\5.jpg,BOSS,1,1,508,303
BOSS\50.jpg,BOSS,1,110,519,236
BOSS\51.jpg,BOSS,55,61,471,228
BOSS\53.jpg,BOSS,10,294,196,353
BOSS\55.jpg,BOSS,24,128,504,279
BOSS\56.jpg,BOSS,1,1,256,169
BOSS\56.jpg,BOSS,244,1,501,177
BOSS\57.jpg,BOSS,172,48,522,208
BOSS\65.jpg,BOSS,32,301,364,412
BOSS\66.jpg,BOSS,1,1,495,301
BOSS\69.jpg,BOSS,45,40,481,250
BOSS\72.jpg,BOSS,247,16,506,128
BOSS\74.jpg,BOSS,104,128,403,260
BOSS\75.jpg,BOSS,31,124,370,267
BOSS\76.jpg,BOSS,74,43,455,136
BOSS\78.jpg,BOSS,1,97,519,208
BOSS\81.jpg,BOSS,1,244,333,353
BOSS\82.jpg,BOSS,23,87,463,310
BOSS\84.jpg,BOSS,121,170,517,279
BOSS\85.jpg,BOSS,1,1,504,211
BOSS\9.jpg,BOSS,77,158,418,230
Calvin Klein\10.jpg,Calvin Klein,12,49,478,324
Calvin Klein\11.jpg,Calvin Klein,26,107,365,454
Calvin Klein\12.jpg,Calvin Klein,2,97,337,235
Calvin Klein\21.jpg,Calvin Klein,140,43,397,316
Calvin Klein\23.jpg,Calvin Klein,19,141,335,217
Calvin Klein\32.jpg,Calvin Klein,44,85,469,264
Calvin Klein\33.jpg,Calvin Klein,26,141,329,226
Calvin Klein\38.jpg,Calvin Klein,3,59,504,354
Calvin Klein\43.jpg,Calvin Klein,22,133,457,224
Calvin Klein\44.jpg,Calvin Klein,3,81,512,274
Calvin Klein\46.jpg,Calvin Klein,103,154,396,230
Calvin Klein\47.jpg,Calvin Klein,12,17,353,374
Calvin Klein\48.jpg,Calvin Klein,243,98,490,231
Calvin Klein\49.jpg,Calvin Klein,35,94,492,223
Calvin Klein\51.jpg,Calvin Klein,8,1,338,224
Calvin Klein\52.jpg,Calvin Klein,32,93,324,167
Calvin Klein\52.jpg,Calvin Klein,95,165,398,226
Calvin Klein\53.jpg,Calvin Klein,71,136,450,210
Calvin Klein\54.jpg,Calvin Klein,38,147,477,257
Calvin Klein\55.jpg,Calvin Klein,33,38,479,265
Calvin Klein\60.jpg,Calvin Klein,41,115,325,370
Calvin Klein\61.jpg,Calvin Klein,128,5,381,237
Calvin Klein\62.jpg,Calvin Klein,232,132,499,359
Calvin Klein\63.jpg,Calvin Klein,150,57,364,105
Chevrolet\0.jpg,Chevrolet,51,1,443,221
Chevrolet\1.jpg,Chevrolet,10,65,488,255
Chevrolet\13.jpg,Chevrolet,13,125,480,268
Chevrolet\14.jpg,Chevrolet,71,57,451,234
Chevrolet\15.jpg,Chevrolet,11,69,480,275
Chevrolet\2.jpg,Chevrolet,15,14,496,234
Chevrolet\21.jpg,Chevrolet,22,246,185,328
Chevrolet\21.jpg,Chevrolet,192,243,332,315
Chevrolet\21.jpg,Chevrolet,361,251,512,311
Chevrolet\21.jpg,Chevrolet,191,151,359,211
Chevrolet\21.jpg,Chevrolet,352,137,512,209
Chevrolet\21.jpg,Chevrolet,9,134,190,213
Chevrolet\21.jpg,Chevrolet,174,37,354,94
Chevrolet\21.jpg,Chevrolet,333,18,523,104
Chevrolet\23.jpg,Chevrolet,17,17,505,249
Chevrolet\25.jpg,Chevrolet,57,70,432,230
Chevrolet\26.jpg,Chevrolet,31,208,375,375
Chevrolet\27.jpg,Chevrolet,24,29,518,262
Chevrolet\28.jpg,Chevrolet,19,25,502,211
Chevrolet\29.jpg,Chevrolet,31,98,493,268
Chevrolet\3.jpg,Chevrolet,55,73,431,250
Chevrolet\30.jpg,Chevrolet,86,100,446,207
Chevrolet\31.jpg,Chevrolet,115,215,182,254
Chevrolet\31.jpg,Chevrolet,194,221,263,258
Chevrolet\31.jpg,Chevrolet,261,217,346,254
Chevrolet\31.jpg,Chevrolet,344,215,416,258
Chevrolet\31.jpg,Chevrolet,380,313,478,364
Chevrolet\32.jpg,Chevrolet,60,139,247,222
Chevrolet\32.jpg,Chevrolet,52,263,220,331
Chevrolet\32.jpg,Chevrolet,318,150,500,222
Chevrolet\32.jpg,Chevrolet,327,232,491,300
Chevrolet\33.jpg,Chevrolet,29,79,465,261
Chevrolet\35.jpg,Chevrolet,136,32,389,197
Chevrolet\36.jpg,Chevrolet,1,117,497,307
Chevrolet\37.jpg,Chevrolet,1,30,113,121
Chevrolet\4.jpg,Chevrolet,33,51,434,228
Chevrolet\40.jpg,Chevrolet,105,131,411,252
Chevrolet\41.jpg,Chevrolet,75,50,408,251
Chevrolet\44.jpg,Chevrolet,173,145,318,234
Chevrolet\48.jpg,Chevrolet,66,101,459,259
Chevrolet\5.jpg,Chevrolet,12,70,498,253
Chevrolet\50.jpg,Chevrolet,15,86,518,259
Chevrolet\51.jpg,Chevrolet,128,114,400,200
Chevrolet\54.jpg,Chevrolet,30,86,497,305
Chevrolet\55.jpg,Chevrolet,22,20,502,309
Chevrolet\56.jpg,Chevrolet,14,119,514,271
Chevrolet\6.jpg,Chevrolet,105,94,385,183
Chevrolet\60.jpg,Chevrolet,44,85,436,298
Chevrolet\62.jpg,Chevrolet,4,23,492,225
Chevrolet\63.jpg,Chevrolet,27,24,459,253
Chevrolet\65.jpg,Chevrolet,78,123,413,224
Chevrolet\66.jpg,Chevrolet,100,35,381,155
Chevrolet\68.jpg,Chevrolet,22,116,510,262
Chevrolet\69.jpg,Chevrolet,46,14,271,113
Chevrolet\69.jpg,Chevrolet,322,34,501,134
Chevrolet\69.jpg,Chevrolet,192,168,511,325
Chevrolet\70.jpg,Chevrolet,33,52,491,249
Chevrolet\71.jpg,Chevrolet,105,133,406,298
Chevrolet\8.jpg,Chevrolet,40,79,474,283
Chevrolet\9.jpg,Chevrolet,41,97,455,257
Ck Calvin Klein-1\1.jpg,Calvin Klein,6,11,351,422
Ck Calvin Klein-1\1.jpg,Calvin Klein,19,439,351,508
Ck Calvin Klein-1\10.jpg,Calvin Klein,26,45,148,60
Ck Calvin Klein-1\10.jpg,Calvin Klein,432,328,500,339
Ck Calvin Klein-1\10.jpg,Calvin Klein,430,280,496,329
Ck Calvin Klein-1\11.jpg,Calvin Klein,2,141,500,193
Ck Calvin Klein-1\11.jpg,Calvin Klein,37,1,477,356
Ck Calvin Klein-1\12.jpg,Calvin Klein,19,420,385,481
Ck Calvin Klein-1\12.jpg,Calvin Klein,10,10,383,400
Ck Calvin Klein-1\13.jpg,Calvin Klein,1,144,487,199
Ck Calvin Klein-1\13.jpg,Calvin Klein,36,1,463,362
Ck Calvin Klein-1\14.jpg,Calvin Klein,79,306,409,353
Ck Calvin Klein-1\14.jpg,Calvin Klein,71,17,405,296
Ck Calvin Klein-1\15.jpg,Calvin Klein,81,307,421,354
Ck Calvin Klein-1\15.jpg,Calvin Klein,72,19,418,297
Ck Calvin Klein-1\16.jpg,Calvin Klein,96,310,419,358
Ck Calvin Klein-1\16.jpg,Calvin Klein,87,22,417,297
Ck Calvin Klein-1\17.jpg,Calvin Klein,280,279,354,361
Ck Calvin Klein-1\17.jpg,Calvin Klein,278,368,361,381
Ck Calvin Klein-1\18.jpg,Calvin Klein,292,273,369,350
Ck Calvin Klein-1\18.jpg,Calvin Klein,290,351,371,369
Ck Calvin Klein-1\19.jpg,Calvin Klein,80,22,386,296
Ck Calvin Klein-1\19.jpg,Calvin Klein,86,311,390,355
Ck Calvin Klein-1\20.jpg,Calvin Klein,178,333,317,359
Ck Calvin Klein-1\20.jpg,Calvin Klein,134,23,362,219
Ck Calvin Klein-1\21.jpg,Calvin Klein,183,314,325,336
Ck Calvin Klein-1\21.jpg,Calvin Klein,136,21,370,208
Ck Calvin Klein-1\23.jpg,Calvin Klein,1,184,488,230
Ck Calvin Klein-1\23.jpg,Calvin Klein,37,86,488,356
Ck Calvin Klein-1\3.jpg,Calvin Klein,269,1,520,300
Ck Calvin Klein-1\3.jpg,Calvin Klein,275,312,524,359
Ck Calvin Klein-1\32.jpg,Calvin Klein,41,136,445,173
Ck Calvin Klein-1\32.jpg,Calvin Klein,70,54,444,273
Ck Calvin Klein-1\34.jpg,Calvin Klein,114,290,245,311
Ck Calvin Klein-1\34.jpg,Calvin Klein,113,113,245,281
Ck Calvin Klein-1\37.jpg,Calvin Klein,170,182,346,209
Ck Calvin Klein-1\37.jpg,Calvin Klein,168,35,343,176
Ck Calvin Klein-1\4.jpg,Calvin Klein,252,1,494,303
Ck Calvin Klein-1\4.jpg,Calvin Klein,259,316,496,364
Ck Calvin Klein-1\5.jpg,Calvin Klein,5,182,486,226
Ck Calvin Klein-1\5.jpg,Calvin Klein,36,86,485,347
Ck Calvin Klein-1\56.jpg,Calvin Klein,39,280,330,323
Ck Calvin Klein-1\56.jpg,Calvin Klein,30,32,324,268
Ck Calvin Klein-1\6.jpg,Calvin Klein,3,171,490,215
Ck Calvin Klein-1\6.jpg,Calvin Klein,39,78,489,329
Ck Calvin Klein-1\64.jpg,Calvin Klein,43,248,182,283
Ck Calvin Klein-1\64.jpg,Calvin Klein,42,22,180,237
Ck Calvin Klein-1\66.jpg,Calvin Klein,33,58,485,332
Ck Calvin Klein-1\66.jpg,Calvin Klein,7,163,450,223
Ck Calvin Klein-1\67.jpg,Calvin Klein,38,298,344,346
Ck Calvin Klein-1\67.jpg,Calvin Klein,33,34,334,281
Ck Calvin Klein-1\69.jpg,Calvin Klein,1,182,492,229
Ck Calvin Klein-1\69.jpg,Calvin Klein,39,83,492,350
Ck Calvin Klein-1\7.jpg,Calvin Klein,122,156,201,258
Ck Calvin Klein-1\7.jpg,Calvin Klein,248,211,309,274
Ck Calvin Klein-1\7.jpg,Calvin Klein,124,263,199,278
Ck Calvin Klein-1\7.jpg,Calvin Klein,232,209,245,278
Ck Calvin Klein-1\8.jpg,Calvin Klein,125,157,209,257
Ck Calvin Klein-1\8.jpg,Calvin Klein,255,208,318,271
Ck Calvin Klein-1\8.jpg,Calvin Klein,125,261,206,277
Ck Calvin Klein-1\8.jpg,Calvin Klein,239,208,254,277
Ck Calvin Klein-1\9.jpg,Calvin Klein,26,47,144,64
Ck Calvin Klein-1\9.jpg,Calvin Klein,413,346,477,356
Ck Calvin Klein-1\9.jpg,Calvin Klein,413,296,474,346
Ck Calvin Klein-2\1.jpg,Calvin Klein,6,11,351,422
Ck Calvin Klein-2\1.jpg,Calvin Klein,19,439,351,508
Ck Calvin Klein-2\10.jpg,Calvin Klein,26,45,148,60
Ck Calvin Klein-2\10.jpg,Calvin Klein,432,328,500,339
Ck Calvin Klein-2\10.jpg,Calvin Klein,430,280,496,329
Ck Calvin Klein-2\11.jpg,Calvin Klein,2,141,500,193
Ck Calvin Klein-2\11.jpg,Calvin Klein,37,1,477,356
Ck Calvin Klein-2\12.jpg,Calvin Klein,19,420,385,481
Ck Calvin Klein-2\12.jpg,Calvin Klein,10,10,383,400
Ck Calvin Klein-2\13.jpg,Calvin Klein,1,144,487,199
Ck Calvin Klein-2\13.jpg,Calvin Klein,36,1,463,362
Ck Calvin Klein-2\14.jpg,Calvin Klein,79,306,409,353
Ck Calvin Klein-2\14.jpg,Calvin Klein,71,17,405,296
Ck Calvin Klein-2\15.jpg,Calvin Klein,81,307,421,354
Ck Calvin Klein-2\15.jpg,Calvin Klein,72,19,418,297
Ck Calvin Klein-2\16.jpg,Calvin Klein,96,310,419,358
Ck Calvin Klein-2\16.jpg,Calvin Klein,87,22,417,297
Ck Calvin Klein-2\17.jpg,Calvin Klein,280,279,354,361
Ck Calvin Klein-2\17.jpg,Calvin Klein,278,368,361,381
Ck Calvin Klein-2\18.jpg,Calvin Klein,292,273,369,350
Ck Calvin Klein-2\18.jpg,Calvin Klein,290,351,371,369
Ck Calvin Klein-2\19.jpg,Calvin Klein,80,22,386,296
Ck Calvin Klein-2\19.jpg,Calvin Klein,86,311,390,355
Ck Calvin Klein-2\20.jpg,Calvin Klein,178,333,317,359
Ck Calvin Klein-2\20.jpg,Calvin Klein,134,23,362,219
Ck Calvin Klein-2\21.jpg,Calvin Klein,183,314,325,336
Ck Calvin Klein-2\21.jpg,Calvin Klein,136,21,370,208
Ck Calvin Klein-2\23.jpg,Calvin Klein,1,184,488,230
Ck Calvin Klein-2\23.jpg,Calvin Klein,37,86,488,356
Ck Calvin Klein-2\3.jpg,Calvin Klein,269,1,520,300
Ck Calvin Klein-2\3.jpg,Calvin Klein,275,312,524,359
Ck Calvin Klein-2\32.jpg,Calvin Klein,41,136,445,173
Ck Calvin Klein-2\32.jpg,Calvin Klein,70,54,444,273
Ck Calvin Klein-2\34.jpg,Calvin Klein,114,290,245,311
Ck Calvin Klein-2\34.jpg,Calvin Klein,113,113,245,281
Ck Calvin Klein-2\37.jpg,Calvin Klein,170,182,346,209
Ck Calvin Klein-2\37.jpg,Calvin Klein,168,35,343,176
Ck Calvin Klein-2\4.jpg,Calvin Klein,252,1,494,303
Ck Calvin Klein-2\4.jpg,Calvin Klein,259,316,496,364
Ck Calvin Klein-2\5.jpg,Calvin Klein,5,182,486,226
Ck Calvin Klein-2\5.jpg,Calvin Klein,36,86,485,347
Ck Calvin Klein-2\56.jpg,Calvin Klein,39,280,330,323
Ck Calvin Klein-2\56.jpg,Calvin Klein,30,32,324,268
Ck Calvin Klein-2\6.jpg,Calvin Klein,3,171,490,215
Ck Calvin Klein-2\6.jpg,Calvin Klein,39,78,489,329
Ck Calvin Klein-2\64.jpg,Calvin Klein,43,248,182,283
Ck Calvin Klein-2\64.jpg,Calvin Klein,42,22,180,237
Ck Calvin Klein-2\66.jpg,Calvin Klein,33,58,485,332
Ck Calvin Klein-2\66.jpg,Calvin Klein,7,163,450,223
Ck Calvin Klein-2\67.jpg,Calvin Klein,38,298,344,346
Ck Calvin Klein-2\67.jpg,Calvin Klein,33,34,334,281
Ck Calvin Klein-2\69.jpg,Calvin Klein,1,182,492,229
Ck Calvin Klein-2\69.jpg,Calvin Klein,39,83,492,350
Ck Calvin Klein-2\7.jpg,Calvin Klein,122,156,201,258
Ck Calvin Klein-2\7.jpg,Calvin Klein,248,211,309,274
Ck Calvin Klein-2\7.jpg,Calvin Klein,124,263,199,278
Ck Calvin Klein-2\7.jpg,Calvin Klein,232,209,245,278
Ck Calvin Klein-2\8.jpg,Calvin Klein,125,157,209,257
Ck Calvin Klein-2\8.jpg,Calvin Klein,255,208,318,271
Ck Calvin Klein-2\8.jpg,Calvin Klein,125,261,206,277
Ck Calvin Klein-2\8.jpg,Calvin Klein,239,208,254,277
Ck Calvin Klein-2\9.jpg,Calvin Klein,26,47,144,64
Ck Calvin Klein-2\9.jpg,Calvin Klein,413,346,477,356
Ck Calvin Klein-2\9.jpg,Calvin Klein,413,296,474,346
coca cola\10.jpg,coca cola,57,75,449,234
coca cola\25.jpg,coca cola,25,125,470,226
coca cola\26.jpg,coca cola,41,76,479,223
coca cola\29.jpg,coca cola,9,67,498,266
coca cola\3.jpg,coca cola,37,37,444,205
coca cola\30.jpg,coca cola,239,157,346,197
coca cola\31.jpg,coca cola,5,167,85,197
coca cola\35.jpg,coca cola,25,132,132,186
coca cola\36.jpg,coca cola,89,56,398,140
coca cola\37.jpg,coca cola,18,17,506,269
coca cola\38.jpg,coca cola,22,42,502,359
coca cola\40.jpg,coca cola,74,65,440,214
coca cola\41.jpg,coca cola,362,127,410,164
coca cola\42.jpg,coca cola,19,24,468,310
coca cola\43.jpg,coca cola,76,109,393,261
coca cola\44.jpg,coca cola,25,20,455,229
coca cola\46.jpg,coca cola,27,82,493,220
coca cola\47.jpg,coca cola,27,99,493,250
coca cola\48.jpg,coca cola,53,120,421,248
coca cola\49.jpg,coca cola,34,93,486,252
coca cola\5.jpg,coca cola,33,36,482,219
coca cola\9.jpg,coca cola,26,93,512,218
Coca-Cola Zero\0.jpg,coca cola,41,22,436,335
Coca-Cola Zero\10.jpg,coca cola,85,38,387,262
Coca-Cola Zero\11.jpg,coca cola,23,17,279,158
Coca-Cola Zero\11.jpg,coca cola,306,50,419,331
Coca-Cola Zero\12.jpg,coca cola,22,27,469,330
Coca-Cola Zero\14.jpg,coca cola,80,144,179,201
Coca-Cola Zero\14.jpg,coca cola,335,154,403,203
Coca-Cola Zero\16.jpg,coca cola,96,132,359,253
Coca-Cola Zero\17.jpg,coca cola,150,148,353,255
Coca-Cola Zero\18.jpg,coca cola,353,123,418,161
Coca-Cola Zero\19.jpg,coca cola,15,30,458,242
Coca-Cola Zero\2.jpg,coca cola,45,61,307,235
Coca-Cola Zero\2.jpg,coca cola,365,56,471,307
Coca-Cola Zero\20.jpg,coca cola,29,76,163,417
Coca-Cola Zero\21.jpg,coca cola,54,75,452,253
Coca-Cola Zero\22.jpg,coca cola,43,108,483,271
Coca-Cola Zero\23.jpg,coca cola,5,138,94,199
Coca-Cola Zero\24.jpg,coca cola,262,195,433,291
Coca-Cola Zero\25.jpg,coca cola,43,50,291,425
Coca-Cola Zero\26.jpg,coca cola,21,104,305,292
Coca-Cola Zero\27.jpg,coca cola,22,11,465,279
Coca-Cola Zero\28.jpg,coca cola,32,200,186,275
Coca-Cola Zero\28.jpg,coca cola,212,213,320,463
Coca-Cola Zero\29.jpg,coca cola,93,110,250,388
Coca-Cola Zero\3.jpg,coca cola,142,207,212,240
Coca-Cola Zero\30.jpg,coca cola,24,26,464,361
Coca-Cola Zero\31.jpg,coca cola,43,69,474,223
Coca-Cola Zero\32.jpg,coca cola,105,67,224,281
Coca-Cola Zero\34.jpg,coca cola,138,213,238,275
Coca-Cola Zero\35.jpg,coca cola,94,165,253,384
Coca-Cola Zero\37.jpg,coca cola,15,36,284,415
Coca-Cola Zero\39.jpg,coca cola,174,377,236,413
Coca-Cola Zero\4.jpg,coca cola,114,54,365,273
Coca-Cola Zero\40.jpg,coca cola,87,143,161,224
Coca-Cola Zero\41.jpg,coca cola,175,159,317,224
Coca-Cola Zero\42.jpg,coca cola,209,163,278,214
Coca-Cola Zero\43.jpg,coca cola,212,108,418,254
Coca-Cola Zero\44.jpg,coca cola,45,83,506,257
Coca-Cola Zero\45.jpg,coca cola,284,65,394,318
Coca-Cola Zero\46.jpg,coca cola,49,198,332,289
Coca-Cola Zero\47.jpg,coca cola,51,88,341,216
Coca-Cola Zero\48.jpg,coca cola,142,131,359,239
Coca-Cola Zero\51.jpg,coca cola,122,15,425,258
Coca-Cola Zero\53.jpg,coca cola,118,170,184,212
Coca-Cola Zero\54.jpg,coca cola,32,62,507,260
Coca-Cola Zero\55.jpg,coca cola,217,272,394,342
Coca-Cola Zero\56.jpg,coca cola,64,220,230,314
Coca-Cola Zero\56.jpg,coca cola,315,70,447,310
Coca-Cola Zero\57.jpg,coca cola,82,171,147,208
Coca-Cola Zero\59.jpg,coca cola,187,233,329,322
Coca-Cola Zero\6.jpg,coca cola,227,218,358,300
Coca-Cola Zero\60.jpg,coca cola,131,166,344,259
Coca-Cola Zero\61.jpg,coca cola,131,217,239,285
Coca-Cola Zero\63.jpg,coca cola,48,74,457,253
Coca-Cola Zero\64.jpg,coca cola,57,36,166,77
Coca-Cola Zero\64.jpg,coca cola,151,248,221,298
Coca-Cola Zero\65.jpg,coca cola,263,138,368,199
Coca-Cola Zero\65.jpg,coca cola,127,213,243,278
Coca-Cola Zero\66.jpg,coca cola,259,457,352,497
Coca-Cola Zero\67.jpg,coca cola,105,136,256,367
Coca-Cola Zero\68.jpg,coca cola,14,229,202,321
Coca-Cola Zero\68.jpg,coca cola,292,61,478,306
Coca-Cola Zero\69.jpg,coca cola,147,119,343,201
Coca-Cola Zero\7.jpg,coca cola,118,15,365,241
Coca-Cola Zero\70.jpg,coca cola,137,170,258,227
Coca-Cola Zero\71.jpg,coca cola,25,89,155,249
Coca-Cola Zero\71.jpg,coca cola,321,127,408,216
Coca-Cola Zero\72.jpg,coca cola,222,80,380,312
Coca-Cola Zero\73.jpg,coca cola,20,58,472,253
Coca-Cola Zero\74.jpg,coca cola,71,160,121,258
Coca-Cola Zero\75.jpg,coca cola,155,215,234,264
Coca-Cola Zero\80.jpg,coca cola,190,130,306,179
Coca-Cola Zero\81.jpg,coca cola,193,230,304,294
Coca-Cola Zero\82.jpg,coca cola,260,219,313,326
Coca-Cola Zero\83.jpg,coca cola,182,123,336,264
Coca-Cola Zero\84.jpg,coca cola,141,73,398,248
Coca-Cola Zero\85.jpg,coca cola,212,150,288,195
Coca-Cola Zero\86.jpg,coca cola,73,117,249,383
Coca-Cola Zero\87.jpg,coca cola,365,104,434,276
Coca-Cola Zero\89.jpg,coca cola,149,112,217,264
Coca-Cola Zero\9.jpg,coca cola,196,101,302,280
Coca-Cola Zero\90.jpg,coca cola,26,5,273,154
Coca-Cola Zero\91.jpg,coca cola,206,262,411,355
Converse\13.jpg,Converse,121,29,414,343
Converse\17.jpg,Converse,39,127,126,246
Converse\27.jpg,Converse,29,90,225,309
Converse\27.jpg,Converse,257,63,498,344
Converse\30.jpg,Converse,110,193,330,418
Converse\33.jpg,Converse,75,19,416,324
Converse\41.jpg,Converse,18,56,89,138
Converse\43.jpg,Converse,116,41,417,355
Converse\46.jpg,Converse,40,22,521,362
Converse\51.jpg,Converse,69,68,357,375
Converse\51.jpg,Converse,2,370,351,420
Converse\55.jpg,Converse,155,31,423,293
Converse\56.jpg,Converse,118,12,442,340
Converse\57.jpg,Converse,86,23,418,334
Converse\60.jpg,Converse,141,87,350,324
Converse\62.jpg,Converse,55,10,451,349
Converse\9.jpg,Converse,19,18,365,474
Corona\15.jpg,Corona,114,9,443,205
Corona\16.jpg,Corona,16,141,484,384
Corona\17.jpg,Corona,103,125,361,303
Corona\19.jpg,Corona,60,133,427,267
Corona\20.jpg,Corona,58,159,449,304
Corona\21.jpg,Corona,43,12,454,219
Corona\23.jpg,Corona,32,124,486,302
Corona\25.jpg,Corona,1,98,513,351
Corona\26.jpg,Corona,10,195,476,296
Corona\40.jpg,Corona,42,3,448,209
Corona\59.jpg,Corona,10,124,511,288
Corona\60.jpg,Corona,29,122,463,325
Corona\61.jpg,Corona,21,123,485,336
Corona\65.jpg,Corona,46,72,348,213
Corona\67.jpg,Corona,39,134,418,339
Corona\68.jpg,Corona,63,18,460,179
Corona\77.jpg,Corona,19,138,426,347
Corona\80.jpg,Corona,125,70,495,231
Corona\81.jpg,Corona,117,86,412,189
Dacia\0.jpg,Dacia,76,58,408,143
Dacia\1.jpg,Dacia,75,41,394,136
Dacia\11.jpg,Dacia,69,63,418,149
Dacia\12.jpg,Dacia,65,53,477,146
Dacia\14.jpg,Dacia,77,50,483,150
Dacia\19.jpg,Dacia,158,71,422,159
Dacia\2.jpg,Dacia,90,31,395,132
Dacia\20.jpg,Dacia,116,91,343,188
Dacia\23.jpg,Dacia,141,113,373,185
Dacia\24.jpg,Dacia,162,88,349,178
Dacia\24.jpg,Dacia,183,11,292,55
Dacia\26.jpg,Dacia,379,88,471,149
Dacia\27.jpg,Dacia,117,59,376,156
Dacia\28.jpg,Dacia,114,81,346,165
Dacia\28.jpg,Dacia,187,4,296,61
Dacia\29.jpg,Dacia,95,67,390,157
Dacia\3.jpg,Dacia,79,30,400,131
Dacia\31.jpg,Dacia,90,64,402,145
Dacia\32.jpg,Dacia,77,43,434,136
Dacia\33.jpg,Dacia,118,44,392,160
Dacia\34.jpg,Dacia,101,64,429,157
Dacia\35.jpg,Dacia,52,39,420,162
Dacia\36.jpg,Dacia,86,53,397,151
Dacia\37.jpg,Dacia,123,76,403,149
Dacia\38.jpg,Dacia,137,60,340,153
Dacia\39.jpg,Dacia,72,63,426,166
Dacia\4.jpg,Dacia,64,38,426,141
Dacia\40.jpg,Dacia,76,52,466,147
Dacia\41.jpg,Dacia,73,38,457,137
Dacia\42.jpg,Dacia,63,37,441,156
Dacia\43.jpg,Dacia,56,62,322,170
Dacia\44.jpg,Dacia,82,52,400,143
Dacia\45.jpg,Dacia,69,42,414,138
Dacia\46.jpg,Dacia,79,46,385,179
Dacia\47.jpg,Dacia,68,44,402,139
Dacia\48.jpg,Dacia,88,40,429,141
Dacia\49.jpg,Dacia,65,27,441,156
Dacia\5.jpg,Dacia,78,38,411,161
Dacia\50.jpg,Dacia,90,72,384,167
Dacia\51.jpg,Dacia,95,78,425,172
Dacia\52.jpg,Dacia,87,52,404,151
Dacia\53.jpg,Dacia,85,61,430,174
Dacia\54.jpg,Dacia,69,35,439,141
Dacia\55.jpg,Dacia,91,64,402,144
Dacia\56.jpg,Dacia,70,50,472,125
Dacia\57.jpg,Dacia,126,75,392,146
Dacia\58.jpg,Dacia,84,53,424,125
Dacia\6.jpg,Dacia,85,53,439,160
Dacia\60.jpg,Dacia,153,69,374,161
Dacia\61.jpg,Dacia,83,53,426,148
Dacia\62.jpg,Dacia,90,50,419,142
Dacia\63.jpg,Dacia,82,45,394,156
Dacia\64.jpg,Dacia,94,73,491,148
Dacia\65.jpg,Dacia,310,51,429,140
Dacia\65.jpg,Dacia,321,210,419,243
Dacia\65.jpg,Dacia,189,200,282,262
Dacia\65.jpg,Dacia,57,198,160,271
Dacia\66.jpg,Dacia,381,123,502,203
Dacia\67.jpg,Dacia,136,70,360,161
Dacia\68.jpg,Dacia,72,50,387,140
Dacia\69.jpg,Dacia,66,56,437,198
Dacia\7.jpg,Dacia,95,32,454,118
Dacia\70.jpg,Dacia,69,39,440,119
Dacia\71.jpg,Dacia,73,39,430,136
Dacia\72.jpg,Dacia,100,88,396,180
Dacia\73.jpg,Dacia,127,89,382,164
Dacia\75.jpg,Dacia,99,38,413,119
Dacia\76.jpg,Dacia,119,54,365,150
Dacia\77.jpg,Dacia,74,47,415,150
Dacia\78.jpg,Dacia,82,58,415,180
Dacia\8.jpg,Dacia,112,70,343,139
Dacia\9.jpg,Dacia,99,55,441,134
Everlast\0.jpg,Everlast,9,1,505,298
Everlast\1.jpg,Everlast,19,19,501,293
Everlast\10.jpg,Everlast,119,65,299,158
Everlast\12.jpg,Everlast,15,9,505,382
Everlast\14.jpg,Everlast,9,11,498,360
Everlast\15.jpg,Everlast,129,244,324,347
Everlast\16.jpg,Everlast,25,19,476,394
Everlast\18.jpg,Everlast,24,17,495,349
Everlast\19.jpg,Everlast,97,16,415,353
Everlast\2.jpg,Everlast,37,59,473,307
Everlast\20.jpg,Everlast,73,77,426,277
Everlast\21.jpg,Everlast,9,5,490,361
Everlast\22.jpg,Everlast,39,19,431,360
Everlast\23.jpg,Everlast,10,46,231,323
Everlast\23.jpg,Everlast,260,68,476,330
Everlast\25.jpg,Everlast,121,105,348,363
Everlast\26.jpg,Everlast,22,14,479,352
Everlast\27.jpg,Everlast,61,59,445,286
Everlast\28.jpg,Everlast,90,94,436,282
Everlast\29.jpg,Everlast,46,74,443,308
Everlast\3.jpg,Everlast,16,13,482,398
Everlast\30.jpg,Everlast,110,77,407,295
Everlast\31.jpg,Everlast,136,64,218,139
Everlast\32.jpg,Everlast,106,106,252,212
Everlast\33.jpg,Everlast,61,17,437,325
Everlast\34.jpg,Everlast,8,18,488,391
Everlast\35.jpg,Everlast,12,73,479,316
Everlast\36.jpg,Everlast,121,345,258,429
Everlast\37.jpg,Everlast,76,100,414,283
Everlast\38.jpg,Everlast,207,64,477,281
Everlast\39.jpg,Everlast,233,135,413,285
Everlast\4.jpg,Everlast,34,22,482,359
Everlast\40.jpg,Everlast,21,64,505,369
Everlast\42.jpg,Everlast,30,64,485,275
Everlast\43.jpg,Everlast,59,50,452,338
Everlast\49.jpg,Everlast,2,4,492,334
Everlast\5.jpg,Everlast,51,42,455,333
Everlast\50.jpg,Everlast,24,70,443,336
Everlast\51.jpg,Everlast,112,80,303,175
Everlast\52.jpg,Everlast,50,91,444,302
Everlast\53.jpg,Everlast,177,86,347,178
Everlast\55.jpg,Everlast,54,139,475,365
Everlast\56.jpg,Everlast,200,128,342,232
Everlast\58.jpg,Everlast,183,109,474,303
Everlast\59.jpg,Everlast,37,90,483,294
Everlast\6.jpg,Everlast,15,28,470,350
Everlast\60.jpg,Everlast,262,82,460,222
Everlast\62.jpg,Everlast,27,18,208,128
Everlast\64.jpg,Everlast,63,57,430,337
Everlast\67.jpg,Everlast,178,99,329,184
Everlast\69.jpg,Everlast,139,102,371,209
Everlast\7.jpg,Everlast,14,10,512,339
Everlast\71.jpg,Everlast,215,115,292,160
Everlast\73.jpg,Everlast,70,146,265,267
Everlast\8.jpg,Everlast,31,31,501,313
Everlast\9.jpg,Everlast,25,21,468,351
Guess\17.jpg,Guess,4,83,522,195
Guess\18.jpg,Guess,42,114,474,368
Guess\18.jpg,Guess,4,3,508,98
Guess\19.jpg,Guess,4,3,481,91
Guess\19.jpg,Guess,56,103,445,353
Guess\22.jpg,Guess,7,24,483,189
Guess\24.jpg,Guess,8,29,496,211
Guess\27.jpg,Guess,65,116,426,212
Guess\28.jpg,Guess,69,128,431,211
Guess\29.jpg,Guess,36,55,436,196
Guess\3.jpg,Guess,12,111,503,212
Guess\30.jpg,Guess,41,55,473,198
Guess\33.jpg,Guess,66,153,436,219
Guess\35.jpg,Guess,48,167,428,243
Guess\36.jpg,Guess,7,119,475,305
Guess\37.jpg,Guess,15,118,512,307
Guess\4.jpg,Guess,6,118,477,221
Guess\40.jpg,Guess,61,25,435,348
Guess\41.jpg,Guess,64,29,440,333
Guess\42.jpg,Guess,153,2,384,102
Guess\42.jpg,Guess,201,173,330,365
Guess\43.jpg,Guess,137,5,353,101
Guess\43.jpg,Guess,186,171,312,350
Guess\44.jpg,Guess,15,102,492,193
Guess\46.jpg,Guess,13,95,489,175
Guess\47.jpg,Guess,5,2,503,108
Guess\47.jpg,Guess,113,156,389,386
Guess\48.jpg,Guess,5,2,518,106
Guess\48.jpg,Guess,119,151,404,372
Guess\51.jpg,Guess,76,22,434,121
Guess\52.jpg,Guess,80,23,416,118
Guess\53.jpg,Guess,78,27,427,110
Guess\54.jpg,Guess,75,30,422,116
Guess\55.jpg,Guess,62,39,426,199
Guess\57.jpg,Guess,80,33,435,114
Guess\58.jpg,Guess,70,29,420,117
Guess\59.jpg,Guess,67,42,442,222
Guess\60.jpg,Guess,143,2,371,112
Guess\60.jpg,Guess,198,184,327,391
Guess\61.jpg,Guess,2,11,516,243
Guess\62.jpg,Guess,1,18,488,235
Guess\63.jpg,Guess,1,2,507,217
Guess\64.jpg,Guess,2,2,482,220
Guess\65.jpg,Guess,144,2,357,101
Guess\65.jpg,Guess,194,176,313,361
Guess\69.jpg,Guess,38,13,428,313
Guess\70.jpg,Guess,22,113,484,199
Guess\74.jpg,Guess,10,38,462,337
Guess\75.jpg,Guess,259,462,359,506
Guess\76.jpg,Guess,92,86,411,144
Guess\77.jpg,Guess,2,2,523,224
Guess\79.jpg,Guess,18,127,495,198
Guess\82.jpg,Guess,1,3,254,220
Guess\83.jpg,Guess,86,150,425,210
Guess\85.jpg,Guess,15,12,495,210
Guess\86.jpg,Guess,70,178,286,365
Guess\88.jpg,Guess,163,73,345,188
Guess\90.jpg,Guess,68,41,182,78
Hot Wheels\0.jpg,Hot Wheels,120,143,458,226
Hot Wheels\1.jpg,Hot Wheels,13,138,394,243
Hot Wheels\10.jpg,Hot Wheels,84,56,492,294
Hot Wheels\11.jpg,Hot Wheels,114,119,494,339
Hot Wheels\12.jpg,Hot Wheels,40,1,454,177
Hot Wheels\14.jpg,Hot Wheels,135,72,449,232
Hot Wheels\15.jpg,Hot Wheels,99,127,477,317
Hot Wheels\16.jpg,Hot Wheels,44,15,495,351
Hot Wheels\17.jpg,Hot Wheels,1,1,490,153
Hot Wheels\18.jpg,Hot Wheels,1,1,512,182
Hot Wheels\19.jpg,Hot Wheels,121,123,498,246
Hot Wheels\2.jpg,Hot Wheels,84,121,523,227
Hot Wheels\20.jpg,Hot Wheels,80,1,491,167
Hot Wheels\20.jpg,Hot Wheels,21,184,378,363
Hot Wheels\21.jpg,Hot Wheels,103,96,415,262
Hot Wheels\22.jpg,Hot Wheels,276,182,429,300
Hot Wheels\23.jpg,Hot Wheels,80,18,499,362
Hot Wheels\24.jpg,Hot Wheels,49,40,336,139
Hot Wheels\25.jpg,Hot Wheels,18,68,465,271
Hot Wheels\26.jpg,Hot Wheels,92,110,496,271
Hot Wheels\27.jpg,Hot Wheels,155,47,512,327
Hot Wheels\28.jpg,Hot Wheels,193,115,369,201
Hot Wheels\29.jpg,Hot Wheels,60,22,476,243
Hot Wheels\3.jpg,Hot Wheels,119,90,519,283
Hot Wheels\30.jpg,Hot Wheels,27,14,211,87
Hot Wheels\31.jpg,Hot Wheels,72,34,449,279
Hot Wheels\32.jpg,Hot Wheels,209,1,472,138
Hot Wheels\33.jpg,Hot Wheels,121,39,468,263
Hot Wheels\34.jpg,Hot Wheels,112,120,484,271
Hot Wheels\35.jpg,Hot Wheels,77,94,517,273
Hot Wheels\36.jpg,Hot Wheels,77,1,479,199
Hot Wheels\37.jpg,Hot Wheels,94,122,419,240
Hot Wheels\38.jpg,Hot Wheels,92,110,475,224
Hot Wheels\39.jpg,Hot Wheels,107,27,373,90
Hot Wheels\4.jpg,Hot Wheels,92,64,490,324
Hot Wheels\40.jpg,Hot Wheels,66,70,241,176
Hot Wheels\41.jpg,Hot Wheels,36,278,237,365
Hot Wheels\42.jpg,Hot Wheels,99,76,485,260
Hot Wheels\43.jpg,Hot Wheels,109,20,505,178
Hot Wheels\45.jpg,Hot Wheels,95,114,482,293
Hot Wheels\46.jpg,Hot Wheels,87,28,481,351
Hot Wheels\47.jpg,Hot Wheels,109,63,401,245
Hot Wheels\48.jpg,Hot Wheels,14,69,435,364
Hot Wheels\49.jpg,Hot Wheels,80,92,372,249
Hot Wheels\5.jpg,Hot Wheels,106,84,468,257
Hot Wheels\50.jpg,Hot Wheels,114,70,489,272
Hot Wheels\51.jpg,Hot Wheels,163,31,335,134
Hot Wheels\52.jpg,Hot Wheels,145,120,441,241
Hot Wheels\53.jpg,Hot Wheels,189,212,480,371
Hot Wheels\54.jpg,Hot Wheels,84,41,393,161
Hot Wheels\55.jpg,Hot Wheels,120,131,488,327
Hot Wheels\56.jpg,Hot Wheels,116,10,373,188
Hot Wheels\57.jpg,Hot Wheels,121,96,491,290
Hot Wheels\58.jpg,Hot Wheels,78,64,459,242
Hot Wheels\59.jpg,Hot Wheels,103,65,440,277
Hot Wheels\6.jpg,Hot Wheels,37,77,489,306
Hot Wheels\60.jpg,Hot Wheels,89,53,497,319
Hot Wheels\61.jpg,Hot Wheels,124,183,440,327
Hot Wheels\63.jpg,Hot Wheels,123,49,488,209
Hot Wheels\64.jpg,Hot Wheels,75,16,430,334
Hot Wheels\66.jpg,Hot Wheels,90,94,489,261
Hot Wheels\67.jpg,Hot Wheels,125,112,424,266
Hot Wheels\68.jpg,Hot Wheels,58,61,465,300
Hot Wheels\69.jpg,Hot Wheels,89,197,472,327
Hot Wheels\7.jpg,Hot Wheels,6,1,457,143
Hot Wheels\70.jpg,Hot Wheels,149,5,354,91
Hot Wheels\71.jpg,Hot Wheels,54,30,270,158
Hot Wheels\72.jpg,Hot Wheels,166,39,348,117
Hot Wheels\73.jpg,Hot Wheels,228,170,371,252
Hot Wheels\74.jpg,Hot Wheels,118,1,523,92
Hot Wheels\75.jpg,Hot Wheels,190,93,447,173
Hot Wheels\76.jpg,Hot Wheels,117,107,468,282
Hot Wheels\77.jpg,Hot Wheels,158,307,377,370
Hot Wheels\78.jpg,Hot Wheels,334,16,516,85
Hot Wheels\79.jpg,Hot Wheels,29,143,363,267
Hot Wheels\8.jpg,Hot Wheels,81,61,487,289
Hot Wheels\80.jpg,Hot Wheels,111,114,482,232
Hot Wheels\81.jpg,Hot Wheels,80,58,485,323
Hot Wheels\83.jpg,Hot Wheels,162,145,356,251
Hot Wheels\84.jpg,Hot Wheels,96,70,391,254
Hot Wheels\85.jpg,Hot Wheels,96,145,444,340
Hot Wheels\86.jpg,Hot Wheels,38,249,174,329
Hot Wheels\89.jpg,Hot Wheels,128,115,442,236
Hot Wheels\9.jpg,Hot Wheels,98,35,489,317
Hot Wheels\90.jpg,Hot Wheels,102,63,481,301
Hot Wheels\91.jpg,Hot Wheels,83,110,486,282
Hugo Boss\10.jpg,Hugo Boss,57,84,457,285
Hugo Boss\11.jpg,Hugo Boss,9,158,377,324
Hugo Boss\12.jpg,Hugo Boss,75,91,411,267
Hugo Boss\13.jpg,Hugo Boss,132,106,391,291
Hugo Boss\14.jpg,Hugo Boss,49,133,450,257
Hugo Boss\15.jpg,Hugo Boss,128,77,387,311
Hugo Boss\18.jpg,Hugo Boss,10,52,499,292
Hugo Boss\21.jpg,Hugo Boss,31,88,487,277
Hugo Boss\22.jpg,Hugo Boss,136,1,371,363
Hugo Boss\26.jpg,Hugo Boss,16,76,487,315
Hugo Boss\27.jpg,Hugo Boss,15,117,463,279
Hugo Boss\28.jpg,Hugo Boss,34,121,146,185
Hugo Boss\28.jpg,Hugo Boss,290,106,455,299
Hugo Boss\29.jpg,Hugo Boss,12,37,491,326
Hugo Boss\3.jpg,Hugo Boss,47,126,472,253
Hugo Boss\30.jpg,Hugo Boss,110,111,375,278
Hugo Boss\31.jpg,Hugo Boss,63,99,465,295
Hugo Boss\32.jpg,Hugo Boss,62,113,388,263
Hugo Boss\35.jpg,Hugo Boss,114,68,428,223
Hugo Boss\37.jpg,Hugo Boss,138,153,256,213
Hugo Boss\39.jpg,Hugo Boss,81,123,400,277
Hugo Boss\40.jpg,Hugo Boss,185,88,308,280
Hugo Boss\41.jpg,Hugo Boss,168,102,324,157
Hugo Boss\44.jpg,Hugo Boss,8,125,479,264
Hugo Boss\45.jpg,Hugo Boss,77,106,439,290
Hugo Boss\47.jpg,Hugo Boss,25,127,484,259
Hugo Boss\5.jpg,Hugo Boss,178,45,481,308
Hugo Boss\50.jpg,Hugo Boss,153,87,360,167
Hugo Boss\53.jpg,Hugo Boss,14,122,462,295
Hugo Boss\54.jpg,Hugo Boss,8,38,483,341
Hugo Boss\59.jpg,Hugo Boss,23,131,489,264
Hugo Boss\61.jpg,Hugo Boss,16,140,501,288
Hugo Boss\62.jpg,Hugo Boss,9,129,487,264
Hugo Boss\63.jpg,Hugo Boss,191,102,357,236
Hugo Boss\64.jpg,Hugo Boss,76,115,412,269
Hugo Boss\65.jpg,Hugo Boss,67,56,413,166
Hugo Boss\66.jpg,Hugo Boss,187,99,353,237
Hugo Boss\68.jpg,Hugo Boss,86,78,314,335
Hugo Boss\7.jpg,Hugo Boss,30,58,493,323
Hugo Boss\70.jpg,Hugo Boss,69,83,436,355
Hugo Boss\71.jpg,Hugo Boss,108,119,416,265
Hugo Boss\73.jpg,Hugo Boss,35,136,143,205
Hugo Boss\73.jpg,Hugo Boss,282,112,460,322
Hugo Boss\74.jpg,Hugo Boss,85,77,301,331
Hugo Boss\76.jpg,Hugo Boss,63,86,413,343
Hugo Boss\77.jpg,Hugo Boss,112,112,394,255
Hugo Boss\78.jpg,Hugo Boss,58,102,436,254
Hugo Boss\79.jpg,Hugo Boss,29,48,214,194
Hugo Boss\79.jpg,Hugo Boss,298,53,483,186
Hyundai-1\0.jpg,Hyundai,1,268,513,326
Hyundai-1\0.jpg,Hyundai,1,9,514,208
Hyundai-1\11.jpg,Hyundai,59,257,432,323
Hyundai-1\11.jpg,Hyundai,111,73,392,236
Hyundai-1\13.jpg,Hyundai,99,12,421,190
Hyundai-1\13.jpg,Hyundai,33,219,473,290
Hyundai-1\14.jpg,Hyundai,37,264,237,313
Hyundai-1\14.jpg,Hyundai,59,121,218,250
Hyundai-1\17.jpg,Hyundai,13,82,490,264
Hyundai-1\20.jpg,Hyundai,17,1,484,306
Hyundai-1\23.jpg,Hyundai,88,72,404,198
Hyundai-1\23.jpg,Hyundai,43,219,445,265
Hyundai-1\24.jpg,Hyundai,1,53,487,257
Hyundai-1\24.jpg,Hyundai,32,291,453,342
Hyundai-1\29.jpg,Hyundai,47,185,432,236
Hyundai-1\29.jpg,Hyundai,88,44,397,167
Hyundai-1\30.jpg,Hyundai,100,112,407,271
Hyundai-1\34.jpg,Hyundai,166,123,336,214
Hyundai-1\36.jpg,Hyundai,35,75,465,307
Hyundai-1\37.jpg,Hyundai,172,135,346,238
Hyundai-1\38.jpg,Hyundai,55,68,196,184
Hyundai-1\38.jpg,Hyundai,36,203,213,249
Hyundai-1\40.jpg,Hyundai,16,52,477,299
Hyundai-1\44.jpg,Hyundai,190,134,305,217
Hyundai-1\44.jpg,Hyundai,172,231,320,261
Hyundai-1\46.jpg,Hyundai,31,56,455,354
Hyundai-1\47.jpg,Hyundai,101,64,180,112
Hyundai-1\47.jpg,Hyundai,301,86,445,115
Hyundai-1\47.jpg,Hyundai,279,230,329,263
Hyundai-1\47.jpg,Hyundai,78,210,201,291
Hyundai-1\47.jpg,Hyundai,59,120,220,152
Hyundai-1\47.jpg,Hyundai,343,235,467,260
Hyundai-1\49.jpg,Hyundai,77,84,407,229
Hyundai-1\49.jpg,Hyundai,20,230,465,301
Hyundai-1\51.jpg,Hyundai,51,90,420,293
Hyundai-1\52.jpg,Hyundai,75,36,435,168
Hyundai-1\52.jpg,Hyundai,12,194,499,247
Hyundai-1\53.jpg,Hyundai,74,85,440,305
Hyundai-1\54.jpg,Hyundai,27,139,221,217
Hyundai-1\54.jpg,Hyundai,1,228,244,258
Hyundai-1\55.jpg,Hyundai,100,79,385,247
Hyundai-1\55.jpg,Hyundai,88,296,401,350
Hyundai-1\56.jpg,Hyundai,21,226,444,299
Hyundai-1\56.jpg,Hyundai,84,29,378,188
Hyundai-1\58.jpg,Hyundai,56,31,223,124
Hyundai-1\58.jpg,Hyundai,64,221,231,313
Hyundai-1\58.jpg,Hyundai,32,138,245,174
Hyundai-1\59.jpg,Hyundai,114,124,403,267
Hyundai-1\59.jpg,Hyundai,207,330,310,356
Hyundai-1\60.jpg,Hyundai,1,155,495,207
Hyundai-1\61.jpg,Hyundai,33,60,268,131
Hyundai-1\62.jpg,Hyundai,71,78,440,294
Hyundai-1\63.jpg,Hyundai,126,175,401,209
Hyundai-1\64.jpg,Hyundai,153,119,336,242
Hyundai-1\64.jpg,Hyundai,202,169,284,190
Hyundai-1\65.jpg,Hyundai,2,66,467,324
Hyundai-1\67.jpg,Hyundai,17,27,500,163
Hyundai-1\68.jpg,Hyundai,50,194,398,287
Hyundai-1\68.jpg,Hyundai,111,52,350,194
Hyundai-1\69.jpg,Hyundai,124,119,358,217
Hyundai-1\69.jpg,Hyundai,128,240,357,268
Hyundai-1\70.jpg,Hyundai,44,56,462,317
Hyundai-1\71.jpg,Hyundai,270,126,451,231
Hyundai-1\72.jpg,Hyundai,54,96,473,263
Hyundai-1\73.jpg,Hyundai,101,73,408,236
Hyundai-1\75.jpg,Hyundai,6,14,512,366
Hyundai-1\76.jpg,Hyundai,24,31,453,350
Hyundai-1\79.jpg,Hyundai,17,94,471,265
Hyundai-1\80.jpg,Hyundai,65,47,242,164
Hyundai-1\80.jpg,Hyundai,41,183,265,228
Hyundai-2\0.jpg,Hyundai,1,268,513,326
Hyundai-2\0.jpg,Hyundai,1,9,514,208
Hyundai-2\11.jpg,Hyundai,59,257,432,323
Hyundai-2\11.jpg,Hyundai,111,73,392,236
Hyundai-2\13.jpg,Hyundai,99,12,421,190
Hyundai-2\13.jpg,Hyundai,33,219,473,290
Hyundai-2\14.jpg,Hyundai,37,264,237,313
Hyundai-2\14.jpg,Hyundai,59,121,218,250
Hyundai-2\17.jpg,Hyundai,13,82,490,264
Hyundai-2\20.jpg,Hyundai,17,1,484,306
Hyundai-2\23.jpg,Hyundai,88,72,404,198
Hyundai-2\23.jpg,Hyundai,43,219,445,265
Hyundai-2\24.jpg,Hyundai,1,53,487,257
Hyundai-2\24.jpg,Hyundai,32,291,453,342
Hyundai-2\29.jpg,Hyundai,47,185,432,236
Hyundai-2\29.jpg,Hyundai,88,44,397,167
Hyundai-2\30.jpg,Hyundai,100,112,407,271
Hyundai-2\34.jpg,Hyundai,166,123,336,214
Hyundai-2\36.jpg,Hyundai,35,75,465,307
Hyundai-2\37.jpg,Hyundai,172,135,346,238
Hyundai-2\38.jpg,Hyundai,55,68,196,184
Hyundai-2\38.jpg,Hyundai,36,203,213,249
Hyundai-2\40.jpg,Hyundai,16,52,477,299
Hyundai-2\44.jpg,Hyundai,190,134,305,217
Hyundai-2\44.jpg,Hyundai,172,231,320,261
Hyundai-2\46.jpg,Hyundai,31,56,455,354
Hyundai-2\47.jpg,Hyundai,101,64,180,112
Hyundai-2\47.jpg,Hyundai,301,86,445,115
Hyundai-2\47.jpg,Hyundai,279,230,329,263
Hyundai-2\47.jpg,Hyundai,78,210,201,291
Hyundai-2\47.jpg,Hyundai,59,120,220,152
Hyundai-2\47.jpg,Hyundai,343,235,467,260
Hyundai-2\49.jpg,Hyundai,77,84,407,229
Hyundai-2\49.jpg,Hyundai,20,230,465,301
Hyundai-2\51.jpg,Hyundai,51,90,420,293
Hyundai-2\52.jpg,Hyundai,75,36,435,168
Hyundai-2\52.jpg,Hyundai,12,194,499,247
Hyundai-2\53.jpg,Hyundai,74,85,440,305
Hyundai-2\54.jpg,Hyundai,27,139,221,217
Hyundai-2\54.jpg,Hyundai,1,228,244,258
Hyundai-2\55.jpg,Hyundai,100,79,385,247
Hyundai-2\55.jpg,Hyundai,88,296,401,350
Hyundai-2\56.jpg,Hyundai,21,226,444,299
Hyundai-2\56.jpg,Hyundai,84,29,378,188
Hyundai-2\58.jpg,Hyundai,56,31,223,124
Hyundai-2\58.jpg,Hyundai,64,221,231,313
Hyundai-2\58.jpg,Hyundai,32,138,245,174
Hyundai-2\59.jpg,Hyundai,114,124,403,267
Hyundai-2\59.jpg,Hyundai,207,330,310,356
Hyundai-2\60.jpg,Hyundai,1,155,495,207
Hyundai-2\61.jpg,Hyundai,33,60,268,131
Hyundai-2\62.jpg,Hyundai,71,78,440,294
Hyundai-2\63.jpg,Hyundai,126,175,401,209
Hyundai-2\64.jpg,Hyundai,153,119,336,242
Hyundai-2\64.jpg,Hyundai,202,169,284,190
Hyundai-2\65.jpg,Hyundai,2,66,467,324
Hyundai-2\67.jpg,Hyundai,17,27,500,163
Hyundai-2\68.jpg,Hyundai,50,194,398,287
Hyundai-2\68.jpg,Hyundai,111,52,350,194
Hyundai-2\69.jpg,Hyundai,124,119,358,217
Hyundai-2\69.jpg,Hyundai,128,240,357,268
Hyundai-2\70.jpg,Hyundai,44,56,462,317
Hyundai-2\71.jpg,Hyundai,270,126,451,231
Hyundai-2\72.jpg,Hyundai,54,96,473,263
Hyundai-2\73.jpg,Hyundai,101,73,408,236
Hyundai-2\75.jpg,Hyundai,6,14,512,366
Hyundai-2\76.jpg,Hyundai,24,31,453,350
Hyundai-2\79.jpg,Hyundai,17,94,471,265
Hyundai-2\80.jpg,Hyundai,65,47,242,164
Hyundai-2\80.jpg,Hyundai,41,183,265,228
IBM\10.jpg,IBM,93,87,429,299
IBM\15.jpg,IBM,104,74,462,307
IBM\19.jpg,IBM,20,31,250,204
IBM\2.jpg,IBM,240,24,500,205
IBM\20.jpg,IBM,33,89,453,302
IBM\21.jpg,IBM,331,104,491,278
IBM\22.jpg,IBM,25,53,480,318
IBM\23.jpg,IBM,24,101,493,305
IBM\24.jpg,IBM,13,253,156,364
IBM\24.jpg,IBM,171,259,346,366
IBM\24.jpg,IBM,375,276,476,336
IBM\27.jpg,IBM,196,132,328,225
IBM\27.jpg,IBM,341,161,475,223
IBM\27.jpg,IBM,304,266,477,337
IBM\27.jpg,IBM,40,255,217,349
IBM\29.jpg,IBM,322,95,474,264
IBM\32.jpg,IBM,10,72,509,300
IBM\34.jpg,IBM,22,251,160,341
IBM\34.jpg,IBM,189,243,319,347
IBM\34.jpg,IBM,345,245,483,349
IBM\35.jpg,IBM,19,70,455,298
IBM\36.jpg,IBM,63,93,438,283
IBM\37.jpg,IBM,79,101,435,297
IBM\38.jpg,IBM,170,109,274,222
IBM\38.jpg,IBM,83,103,170,223
IBM\38.jpg,IBM,266,117,365,223
IBM\40.jpg,IBM,12,38,511,339
IBM\41.jpg,IBM,26,232,176,339
IBM\41.jpg,IBM,186,244,338,343
IBM\41.jpg,IBM,357,239,500,339
IBM\42.jpg,IBM,19,22,347,152
IBM\43.jpg,IBM,25,224,184,302
IBM\43.jpg,IBM,189,221,318,299
IBM\43.jpg,IBM,342,227,486,306
IBM\44.jpg,IBM,88,102,253,185
IBM\46.jpg,IBM,176,49,316,119
IBM\46.jpg,IBM,18,48,149,113
IBM\46.jpg,IBM,24,217,155,305
IBM\46.jpg,IBM,187,232,326,302
IBM\50.jpg,IBM,58,64,455,320
IBM\51.jpg,IBM,16,255,145,335
IBM\51.jpg,IBM,188,262,308,345
IBM\51.jpg,IBM,358,256,470,339
IBM\53.jpg,IBM,13,28,218,161
IBM\53.jpg,IBM,216,29,458,160
IBM\53.jpg,IBM,98,243,363,372
IBM\54.jpg,IBM,242,6,495,244
IBM\55.jpg,IBM,11,44,420,298
IBM\56.jpg,IBM,120,232,262,288
IBM\56.jpg,IBM,252,211,368,295
IBM\56.jpg,IBM,14,375,137,459
IBM\56.jpg,IBM,138,376,233,460
IBM\58.jpg,IBM,14,26,251,154
IBM\59.jpg,IBM,195,33,478,301
IBM\60.jpg,IBM,45,86,475,285
IBM\61.jpg,IBM,103,148,218,343
IBM\61.jpg,IBM,230,150,359,339
IBM\61.jpg,IBM,367,148,493,335
IBM\62.jpg,IBM,278,79,490,246
IBM\63.jpg,IBM,24,43,232,181
IBM\65.jpg,IBM,43,215,168,310
IBM\65.jpg,IBM,196,216,314,316
IBM\65.jpg,IBM,337,217,487,329
IBM\67.jpg,IBM,135,200,238,307
IBM\67.jpg,IBM,241,203,354,313
IBM\67.jpg,IBM,376,212,476,310
IBM\67.jpg,IBM,6,213,134,332
IBM\68.jpg,IBM,26,290,166,374
IBM\68.jpg,IBM,197,272,368,375
IBM\68.jpg,IBM,200,175,363,249
IBM\68.jpg,IBM,112,415,266,493
IBM\69.jpg,IBM,20,105,239,202
IBM\70.jpg,IBM,60,57,439,315
IBM\72.jpg,IBM,5,193,186,276
IBM\72.jpg,IBM,3,108,208,203
IBM\73.jpg,IBM,42,35,366,338
IBM\74.jpg,IBM,147,158,509,335
IBM\75.jpg,IBM,158,151,327,283
IBM\76.jpg,IBM,3,7,382,521
IBM\77.jpg,IBM,244,20,500,362
IBM\78.jpg,IBM,11,5,481,267
IBM\79.jpg,IBM,1,57,513,291
IBM\80.jpg,IBM,138,95,361,245
IBM\81.jpg,IBM,21,164,510,376
IBM\83.jpg,IBM,222,12,464,195
IBM\84.jpg,IBM,24,60,472,313
IBM\85.jpg,IBM,7,80,243,244
IBM\86.jpg,IBM,3,5,481,375
IBM\87.jpg,IBM,19,72,498,315
iPhone-1\10.jpg,iPhone,125,196,227,275
iPhone-1\100.jpg,iPhone,209,99,285,144
iPhone-1\101.jpg,iPhone,106,135,235,253
iPhone-1\101.jpg,iPhone,269,128,385,246
iPhone-1\102.jpg,iPhone,225,151,285,237
iPhone-1\103.jpg,iPhone,165,85,335,261
iPhone-1\105.jpg,iPhone,44,76,345,409
iPhone-1\107.jpg,iPhone,143,80,476,257
iPhone-1\108.jpg,iPhone,127,177,270,309
iPhone-1\11.jpg,iPhone,130,84,363,270
iPhone-1\110.jpg,iPhone,162,210,224,270
iPhone-1\111.jpg,iPhone,87,214,281,392
iPhone-1\112.jpg,iPhone,76,105,276,303
iPhone-1\113.jpg,iPhone,42,137,306,374
iPhone-1\114.jpg,iPhone,141,180,274,301
iPhone-1\116.jpg,iPhone,154,43,324,314
iPhone-1\117.jpg,iPhone,64,89,330,373
iPhone-1\12.jpg,iPhone,129,65,355,283
iPhone-1\13.jpg,iPhone,38,145,116,245
iPhone-1\13.jpg,iPhone,127,145,458,258
iPhone-1\15.jpg,iPhone,112,175,262,343
iPhone-1\16.jpg,iPhone,33,132,124,253
iPhone-1\16.jpg,iPhone,136,130,458,257
iPhone-1\17.jpg,iPhone,69,53,274,193
iPhone-1\17.jpg,iPhone,69,198,277,334
iPhone-1\17.jpg,iPhone,74,340,288,481
iPhone-1\18.jpg,iPhone,44,41,325,439
iPhone-1\19.jpg,iPhone,45,100,252,305
iPhone-1\2.jpg,iPhone,166,1,329,237
iPhone-1\2.jpg,iPhone,8,252,388,386
iPhone-1\20.jpg,iPhone,73,148,161,241
iPhone-1\20.jpg,iPhone,171,146,437,248
iPhone-1\21.jpg,iPhone,128,188,243,296
iPhone-1\22.jpg,iPhone,85,178,145,253
iPhone-1\22.jpg,iPhone,156,182,394,264
iPhone-1\23.jpg,iPhone,96,116,280,304
iPhone-1\24.jpg,iPhone,140,171,459,321
iPhone-1\25.jpg,iPhone,1,1,197,382
iPhone-1\25.jpg,iPhone,207,163,452,287
iPhone-1\26.jpg,iPhone,7,89,100,282
iPhone-1\26.jpg,iPhone,117,82,510,284
iPhone-1\27.jpg,iPhone,176,6,351,231
iPhone-1\27.jpg,iPhone,22,254,401,375
iPhone-1\28.jpg,iPhone,1,2,228,399
iPhone-1\28.jpg,iPhone,232,161,494,293
iPhone-1\29.jpg,iPhone,141,166,464,328
iPhone-1\30.jpg,iPhone,34,36,354,467
iPhone-1\31.jpg,iPhone,1,61,166,277
iPhone-1\31.jpg,iPhone,175,133,481,237
iPhone-1\32.jpg,iPhone,70,37,425,360
iPhone-1\33.jpg,iPhone,96,8,385,286
iPhone-1\33.jpg,iPhone,12,288,467,384
iPhone-1\35.jpg,iPhone,33,29,208,323
iPhone-1\35.jpg,iPhone,215,143,426,245
iPhone-1\37.jpg,iPhone,172,50,353,224
iPhone-1\38.jpg,iPhone,133,6,357,273
iPhone-1\38.jpg,iPhone,1,259,514,383
iPhone-1\39.jpg,iPhone,186,132,395,227
iPhone-1\4.jpg,iPhone,126,195,270,320
iPhone-1\40.jpg,iPhone,11,119,477,242
iPhone-1\41.jpg,iPhone,76,133,153,226
iPhone-1\41.jpg,iPhone,164,138,427,231
iPhone-1\43.jpg,iPhone,85,108,173,188
iPhone-1\43.jpg,iPhone,355,125,429,192
iPhone-1\44.jpg,iPhone,142,168,239,266
iPhone-1\45.jpg,iPhone,36,72,339,429
iPhone-1\46.jpg,iPhone,157,94,333,272
iPhone-1\49.jpg,iPhone,134,197,217,286
iPhone-1\5.jpg,iPhone,103,220,269,354
iPhone-1\51.jpg,iPhone,156,7,330,226
iPhone-1\51.jpg,iPhone,11,249,404,379
iPhone-1\52.jpg,iPhone,178,48,310,198
iPhone-1\53.jpg,iPhone,1,14,187,395
iPhone-1\53.jpg,iPhone,194,166,487,282
iPhone-1\54.jpg,iPhone,26,135,121,238
iPhone-1\54.jpg,iPhone,128,145,391,242
iPhone-1\55.jpg,iPhone,36,65,328,406
iPhone-1\56.jpg,iPhone,176,47,352,238
iPhone-1\57.jpg,iPhone,58,41,317,413
iPhone-1\58.jpg,iPhone,90,50,390,341
iPhone-1\59.jpg,iPhone,116,58,362,267
iPhone-1\6.jpg,iPhone,82,142,289,395
iPhone-1\62.jpg,iPhone,8,13,374,457
iPhone-1\63.jpg,iPhone,27,21,341,494
iPhone-1\64.jpg,iPhone,186,118,312,241
iPhone-1\65.jpg,iPhone,142,142,219,233
iPhone-1\68.jpg,iPhone,142,87,353,268
iPhone-1\69.jpg,iPhone,41,91,252,264
iPhone-1\71.jpg,iPhone,150,127,208,196
iPhone-1\72.jpg,iPhone,142,214,237,294
iPhone-1\74.jpg,iPhone,65,84,138,139
iPhone-1\74.jpg,iPhone,143,15,338,66
iPhone-1\74.jpg,iPhone,76,162,269,217
iPhone-1\74.jpg,iPhone,68,273,265,328
iPhone-1\76.jpg,iPhone,86,2,223,277
iPhone-1\76.jpg,iPhone,237,86,412,184
iPhone-1\78.jpg,iPhone,31,71,457,325
iPhone-1\79.jpg,iPhone,183,68,327,278
iPhone-1\8.jpg,iPhone,170,97,233,139
iPhone-1\80.jpg,iPhone,87,139,261,359
iPhone-1\81.jpg,iPhone,101,151,255,315
iPhone-1\82.jpg,iPhone,55,108,281,363
iPhone-1\83.jpg,iPhone,151,33,311,308
iPhone-1\84.jpg,iPhone,110,193,256,325
iPhone-1\85.jpg,iPhone,37,19,221,321
iPhone-1\85.jpg,iPhone,228,131,459,233
iPhone-1\86.jpg,iPhone,126,188,241,282
iPhone-1\88.jpg,iPhone,149,116,227,186
iPhone-1\89.jpg,iPhone,98,4,416,334
iPhone-1\9.jpg,iPhone,184,44,350,235
iPhone-1\9.jpg,iPhone,12,248,424,363
iPhone-1\90.jpg,iPhone,218,128,304,219
iPhone-1\92.jpg,iPhone,131,163,236,275
iPhone-1\92.jpg,iPhone,91,287,289,353
iPhone-1\93.jpg,iPhone,116,183,253,318
iPhone-1\94.jpg,iPhone,119,53,338,249
iPhone-1\95.jpg,iPhone,142,93,454,254
iPhone-1\96.jpg,iPhone,69,128,146,216
iPhone-1\96.jpg,iPhone,165,135,432,223
iPhone-1\97.jpg,iPhone,184,88,321,265
iPhone-1\98.jpg,iPhone,89,131,286,357
iPhone-1\99.jpg,iPhone,131,173,263,289
iPhone-2\10.jpg,iPhone,125,196,227,275
iPhone-2\100.jpg,iPhone,209,99,285,144
iPhone-2\101.jpg,iPhone,106,135,235,253
iPhone-2\101.jpg,iPhone,269,128,385,246
iPhone-2\102.jpg,iPhone,225,151,285,237
iPhone-2\103.jpg,iPhone,165,85,335,261
iPhone-2\105.jpg,iPhone,44,76,345,409
iPhone-2\107.jpg,iPhone,143,80,476,257
iPhone-2\108.jpg,iPhone,127,177,270,309
iPhone-2\11.jpg,iPhone,130,84,363,270
iPhone-2\110.jpg,iPhone,162,210,224,270
iPhone-2\111.jpg,iPhone,87,214,281,392
iPhone-2\112.jpg,iPhone,76,105,276,303
iPhone-2\113.jpg,iPhone,42,137,306,374
iPhone-2\114.jpg,iPhone,141,180,274,301
iPhone-2\116.jpg,iPhone,154,43,324,314
iPhone-2\117.jpg,iPhone,64,89,330,373
iPhone-2\12.jpg,iPhone,129,65,355,283
iPhone-2\13.jpg,iPhone,38,145,116,245
iPhone-2\13.jpg,iPhone,127,145,458,258
iPhone-2\15.jpg,iPhone,112,175,262,343
iPhone-2\16.jpg,iPhone,33,132,124,253
iPhone-2\16.jpg,iPhone,136,130,458,257
iPhone-2\17.jpg,iPhone,69,53,274,193
iPhone-2\17.jpg,iPhone,69,198,277,334
iPhone-2\17.jpg,iPhone,74,340,288,481
iPhone-2\18.jpg,iPhone,44,41,325,439
iPhone-2\19.jpg,iPhone,45,100,252,305
iPhone-2\2.jpg,iPhone,166,1,329,237
iPhone-2\2.jpg,iPhone,8,252,388,386
iPhone-2\20.jpg,iPhone,73,148,161,241
iPhone-2\20.jpg,iPhone,171,146,437,248
iPhone-2\21.jpg,iPhone,128,188,243,296
iPhone-2\22.jpg,iPhone,85,178,145,253
iPhone-2\22.jpg,iPhone,156,182,394,264
iPhone-2\23.jpg,iPhone,96,116,280,304
iPhone-2\24.jpg,iPhone,140,171,459,321
iPhone-2\25.jpg,iPhone,1,1,197,382
iPhone-2\25.jpg,iPhone,207,163,452,287
iPhone-2\26.jpg,iPhone,7,89,100,282
iPhone-2\26.jpg,iPhone,117,82,510,284
iPhone-2\27.jpg,iPhone,176,6,351,231
iPhone-2\27.jpg,iPhone,22,254,401,375
iPhone-2\28.jpg,iPhone,1,2,228,399
iPhone-2\28.jpg,iPhone,232,161,494,293
iPhone-2\29.jpg,iPhone,141,166,464,328
iPhone-2\30.jpg,iPhone,34,36,354,467
iPhone-2\31.jpg,iPhone,1,61,166,277
iPhone-2\31.jpg,iPhone,175,133,481,237
iPhone-2\32.jpg,iPhone,70,37,425,360
iPhone-2\33.jpg,iPhone,96,8,385,286
iPhone-2\33.jpg,iPhone,12,288,467,384
iPhone-2\35.jpg,iPhone,33,29,208,323
iPhone-2\35.jpg,iPhone,215,143,426,245
iPhone-2\37.jpg,iPhone,172,50,353,224
iPhone-2\38.jpg,iPhone,133,6,357,273
iPhone-2\38.jpg,iPhone,1,259,514,383
iPhone-2\39.jpg,iPhone,186,132,395,227
iPhone-2\4.jpg,iPhone,126,195,270,320
iPhone-2\40.jpg,iPhone,11,119,477,242
iPhone-2\41.jpg,iPhone,76,133,153,226
iPhone-2\41.jpg,iPhone,164,138,427,231
iPhone-2\43.jpg,iPhone,85,108,173,188
iPhone-2\43.jpg,iPhone,355,125,429,192
iPhone-2\44.jpg,iPhone,142,168,239,266
iPhone-2\45.jpg,iPhone,36,72,339,429
iPhone-2\46.jpg,iPhone,157,94,333,272
iPhone-2\49.jpg,iPhone,134,197,217,286
iPhone-2\5.jpg,iPhone,103,220,269,354
iPhone-2\51.jpg,iPhone,156,7,330,226
iPhone-2\51.jpg,iPhone,11,249,404,379
iPhone-2\52.jpg,iPhone,178,48,310,198
iPhone-2\53.jpg,iPhone,1,14,187,395
iPhone-2\53.jpg,iPhone,194,166,487,282
iPhone-2\54.jpg,iPhone,26,135,121,238
iPhone-2\54.jpg,iPhone,128,145,391,242
iPhone-2\55.jpg,iPhone,36,65,328,406
iPhone-2\56.jpg,iPhone,176,47,352,238
iPhone-2\57.jpg,iPhone,58,41,317,413
iPhone-2\58.jpg,iPhone,90,50,390,341
iPhone-2\59.jpg,iPhone,116,58,362,267
iPhone-2\6.jpg,iPhone,82,142,289,395
iPhone-2\62.jpg,iPhone,8,13,374,457
iPhone-2\63.jpg,iPhone,27,21,341,494
iPhone-2\64.jpg,iPhone,186,118,312,241
iPhone-2\65.jpg,iPhone,142,142,219,233
iPhone-2\68.jpg,iPhone,142,87,353,268
iPhone-2\69.jpg,iPhone,41,91,252,264
iPhone-2\71.jpg,iPhone,150,127,208,196
iPhone-2\72.jpg,iPhone,142,214,237,294
iPhone-2\74.jpg,iPhone,65,84,138,139
iPhone-2\74.jpg,iPhone,143,15,338,66
iPhone-2\74.jpg,iPhone,76,162,269,217
iPhone-2\74.jpg,iPhone,68,273,265,328
iPhone-2\76.jpg,iPhone,86,2,223,277
iPhone-2\76.jpg,iPhone,237,86,412,184
iPhone-2\78.jpg,iPhone,31,71,457,325
iPhone-2\79.jpg,iPhone,183,68,327,278
iPhone-2\8.jpg,iPhone,170,97,233,139
iPhone-2\80.jpg,iPhone,87,139,261,359
iPhone-2\81.jpg,iPhone,101,151,255,315
iPhone-2\82.jpg,iPhone,55,108,281,363
iPhone-2\83.jpg,iPhone,151,33,311,308
iPhone-2\84.jpg,iPhone,110,193,256,325
iPhone-2\85.jpg,iPhone,37,19,221,321
iPhone-2\85.jpg,iPhone,228,131,459,233
iPhone-2\86.jpg,iPhone,126,188,241,282
iPhone-2\88.jpg,iPhone,149,116,227,186
iPhone-2\89.jpg,iPhone,98,4,416,334
iPhone-2\9.jpg,iPhone,184,44,350,235
iPhone-2\9.jpg,iPhone,12,248,424,363
iPhone-2\90.jpg,iPhone,218,128,304,219
iPhone-2\92.jpg,iPhone,131,163,236,275
iPhone-2\92.jpg,iPhone,91,287,289,353
iPhone-2\93.jpg,iPhone,116,183,253,318
iPhone-2\94.jpg,iPhone,119,53,338,249
iPhone-2\95.jpg,iPhone,142,93,454,254
iPhone-2\96.jpg,iPhone,69,128,146,216
iPhone-2\96.jpg,iPhone,165,135,432,223
iPhone-2\97.jpg,iPhone,184,88,321,265
iPhone-2\98.jpg,iPhone,89,131,286,357
iPhone-2\99.jpg,iPhone,131,173,263,289
kia da\10.jpg,kia da,220,334,295,376
kia da\102.jpg,kia da,37,74,456,297
kia da\104.jpg,kia da,26,85,504,286
kia da\106.jpg,kia da,29,272,334,468
kia da\106.jpg,kia da,5,1,116,51
kia da\107.jpg,kia da,28,2,489,372
kia da\108.jpg,kia da,65,48,467,323
kia da\109.jpg,kia da,59,87,442,302
kia da\112.jpg,kia da,33,85,463,248
kia da\114.jpg,kia da,59,43,432,318
kia da\115.jpg,kia da,138,111,374,221
kia da\116.jpg,kia da,34,86,487,373
kia da\118.jpg,kia da,6,82,494,297
kia da\119.jpg,kia da,145,57,345,138
kia da\120.jpg,kia da,240,208,499,356
kia da\120.jpg,kia da,2,211,234,341
kia da\121.jpg,kia da,33,73,264,238
kia da\123.jpg,kia da,143,115,368,207
kia da\124.jpg,kia da,31,3,454,216
kia da\124.jpg,kia da,98,247,372,385
kia da\125.jpg,kia da,180,135,326,204
kia da\126.jpg,kia da,35,72,493,345
kia da\128.jpg,kia da,39,83,451,311
kia da\13.jpg,kia da,57,60,432,307
kia da\131.jpg,kia da,125,77,428,206
kia da\132.jpg,kia da,50,264,307,432
kia da\132.jpg,kia da,15,1,110,32
kia da\133.jpg,kia da,55,50,479,333
kia da\134.jpg,kia da,24,91,488,261
kia da\135.jpg,kia da,108,60,410,313
kia da\137.jpg,kia da,2,234,222,383
kia da\137.jpg,kia da,233,237,474,377
kia da\139.jpg,kia da,61,139,347,328
kia da\14.jpg,kia da,110,146,362,288
kia da\140.jpg,kia da,109,143,415,325
kia da\141.jpg,kia da,23,93,192,306
kia da\142.jpg,kia da,251,32,482,258
kia da\143.jpg,kia da,21,64,475,303
kia da\144.jpg,kia da,90,6,390,114
kia da\145.jpg,kia da,84,103,453,276
kia da\147.jpg,kia da,91,61,470,265
kia da\148.jpg,kia da,129,76,394,199
kia da\15.jpg,kia da,407,190,439,225
kia da\150.jpg,kia da,61,119,458,264
kia da\151.jpg,kia da,14,66,477,298
kia da\152.jpg,kia da,270,54,487,256
kia da\153.jpg,kia da,2,13,180,291
kia da\153.jpg,kia da,184,73,510,222
kia da\154.jpg,kia da,79,9,401,124
kia da\155.jpg,kia da,66,78,464,319
kia da\157.jpg,kia da,58,70,446,265
kia da\158.jpg,kia da,59,44,424,300
kia da\159.jpg,kia da,103,120,431,300
kia da\160.jpg,kia da,78,161,257,259
kia da\160.jpg,kia da,280,78,418,163
kia da\162.jpg,kia da,234,19,435,199
kia da\163.jpg,kia da,215,101,414,262
kia da\164.jpg,kia da,112,152,393,250
kia da\165.jpg,kia da,11,45,475,337
kia da\166.jpg,kia da,65,42,445,322
kia da\167.jpg,kia da,259,38,487,366
kia da\168.jpg,kia da,151,120,350,261
kia da\169.jpg,kia da,9,89,491,289
kia da\17.jpg,kia da,353,160,382,187
kia da\170.jpg,kia da,118,33,379,162
kia da\172.jpg,kia da,129,117,364,228
kia da\173.jpg,kia da,6,80,495,281
kia da\175.jpg,kia da,20,70,450,289
kia da\176.jpg,kia da,152,57,342,163
kia da\177.jpg,kia da,40,84,277,243
kia da\178.jpg,kia da,143,112,370,205
kia da\180.jpg,kia da,57,4,466,198
kia da\180.jpg,kia da,91,230,406,358
kia da\19.jpg,kia da,45,66,449,327
kia da\2.jpg,kia da,22,7,465,356
kia da\20.jpg,kia da,52,253,110,295
kia da\21.jpg,kia da,254,282,314,315
kia da\23.jpg,kia da,158,195,185,217
kia da\24.jpg,kia da,50,80,445,255
kia da\25.jpg,kia da,78,28,454,313
kia da\26.jpg,kia da,35,121,442,329
kia da\27.jpg,kia da,53,111,432,320
kia da\28.jpg,kia da,77,143,118,170
kia da\3.jpg,kia da,165,135,315,205
kia da\30.jpg,kia da,58,180,121,209
kia da\31.jpg,kia da,11,229,230,352
kia da\31.jpg,kia da,248,223,489,365
kia da\32.jpg,kia da,314,145,465,223
kia da\33.jpg,kia da,353,169,373,190
kia da\34.jpg,kia da,468,138,508,174
kia da\35.jpg,kia da,63,68,431,293
kia da\36.jpg,kia da,54,194,461,340
kia da\38.jpg,kia da,40,87,232,240
kia da\39.jpg,kia da,153,126,380,215
kia da\40.jpg,kia da,59,5,447,225
kia da\40.jpg,kia da,98,255,381,389
kia da\41.jpg,kia da,179,134,305,216
kia da\43.jpg,kia da,131,71,422,202
kia da\44.jpg,kia da,39,78,485,292
kia da\47.jpg,kia da,122,172,323,290
kia da\48.jpg,kia da,7,83,118,239
kia da\48.jpg,kia da,113,37,253,126
kia da\48.jpg,kia da,253,34,407,124
kia da\48.jpg,kia da,418,83,506,219
kia da\48.jpg,kia da,276,126,414,205
kia da\48.jpg,kia da,114,121,260,200
kia da\48.jpg,kia da,68,230,250,331
kia da\48.jpg,kia da,236,194,297,244
kia da\48.jpg,kia da,271,209,480,337
kia da\49.jpg,kia da,46,278,343,453
kia da\49.jpg,kia da,10,1,118,37
kia da\5.jpg,kia da,24,79,470,304
kia da\50.jpg,kia da,44,81,448,323
kia da\51.jpg,kia da,105,44,389,307
kia da\54.jpg,kia da,57,151,351,334
kia da\55.jpg,kia da,125,127,425,289
kia da\56.jpg,kia da,140,123,347,263
kia da\57.jpg,kia da,23,112,485,280
kia da\58.jpg,kia da,17,92,179,315
kia da\58.jpg,kia da,319,163,359,214
kia da\59.jpg,kia da,248,29,497,257
kia da\60.jpg,kia da,21,72,467,329
kia da\61.jpg,kia da,87,2,402,117
kia da\62.jpg,kia da,76,99,476,288
kia da\63.jpg,kia da,94,68,442,239
kia da\66.jpg,kia da,59,109,458,238
kia da\67.jpg,kia da,90,225,132,251
kia da\69.jpg,kia da,17,66,457,310
kia da\70.jpg,kia da,256,56,468,277
kia da\71.jpg,kia da,6,15,151,312
kia da\71.jpg,kia da,174,86,506,242
kia da\73.jpg,kia da,88,8,424,152
kia da\74.jpg,kia da,90,73,452,315
kia da\76.jpg,kia da,45,85,466,278
kia da\77.jpg,kia da,83,170,253,271
kia da\77.jpg,kia da,270,86,415,167
kia da\79.jpg,kia da,66,59,438,323
kia da\80.jpg,kia da,103,37,363,145
kia da\81.jpg,kia da,240,16,468,179
kia da\82.jpg,kia da,232,85,413,245
kia da\84.jpg,kia da,118,146,378,250
kia da\85.jpg,kia da,13,47,511,303
kia da\86.jpg,kia da,45,45,429,337
kia da\87.jpg,kia da,259,39,504,353
kia da\88.jpg,kia da,155,117,346,250
kia da\89.jpg,kia da,23,102,464,262
kia da\9.jpg,kia da,28,252,340,425
kia da\9.jpg,kia da,16,1,109,34
kia da\91.jpg,kia da,145,120,346,232
kia da\92.jpg,kia da,3,83,479,265
kia da\93.jpg,kia da,23,19,484,369
kia da\94.jpg,kia da,100,33,383,175
kia da\95.jpg,kia da,134,57,327,142
kia da\96.jpg,kia da,56,82,253,221
kia da\97.jpg,kia da,136,122,394,220
kia da\98.jpg,kia da,75,92,460,279
kia da\99.jpg,kia da,48,12,440,204
kia da\99.jpg,kia da,84,242,396,376
lacoste\0.jpg,lacoste,75,176,449,273
lacoste\1.jpg,lacoste,14,257,501,358
lacoste\10.jpg,lacoste,13,103,357,377
lacoste\11.jpg,lacoste,9,15,484,322
lacoste\12.jpg,lacoste,29,150,470,216
lacoste\14.jpg,lacoste,25,59,481,390
lacoste\15.jpg,lacoste,15,181,475,322
lacoste\16.jpg,lacoste,156,123,339,263
lacoste\17.jpg,lacoste,92,180,293,353
lacoste\19.jpg,lacoste,56,104,442,271
lacoste\2.jpg,lacoste,178,93,308,307
lacoste\20.jpg,lacoste,66,137,341,320
lacoste\21.jpg,lacoste,62,32,487,349
lacoste\22.jpg,lacoste,171,142,348,244
lacoste\23.jpg,lacoste,103,59,451,244
lacoste\24.jpg,lacoste,29,144,359,338
lacoste\25.jpg,lacoste,38,60,454,301
lacoste\26.jpg,lacoste,5,74,486,342
lacoste\27.jpg,lacoste,38,25,524,320
lacoste\28.jpg,lacoste,123,27,394,179
lacoste\30.jpg,lacoste,108,109,345,233
lacoste\31.jpg,lacoste,27,73,468,271
lacoste\32.jpg,lacoste,6,88,514,329
lacoste\33.jpg,lacoste,54,140,298,324
lacoste\34.jpg,lacoste,114,179,288,267
lacoste\35.jpg,lacoste,22,23,489,309
lacoste\36.jpg,lacoste,17,20,513,367
lacoste\37.jpg,lacoste,21,161,376,334
lacoste\38.jpg,lacoste,31,22,375,210
lacoste\39.jpg,lacoste,12,75,476,231
lacoste\4.jpg,lacoste,7,11,503,338
lacoste\40.jpg,lacoste,72,66,479,242
lacoste\41.jpg,lacoste,404,263,493,329
lacoste\43.jpg,lacoste,3,104,384,337
lacoste\45.jpg,lacoste,24,41,194,184
lacoste\46.jpg,lacoste,42,42,479,353
lacoste\47.jpg,lacoste,116,54,389,350
lacoste\5.jpg,lacoste,43,38,456,333
lacoste\50.jpg,lacoste,16,30,457,354
lacoste\51.jpg,lacoste,152,107,407,262
lacoste\52.jpg,lacoste,1,13,472,188
lacoste\56.jpg,lacoste,20,12,487,360
lacoste\57.jpg,lacoste,75,151,304,323
lacoste\58.jpg,lacoste,13,145,341,367
lacoste\59.jpg,lacoste,162,65,342,294
lacoste\6.jpg,lacoste,130,123,426,248
lacoste\60.jpg,lacoste,33,56,472,295
lacoste\61.jpg,lacoste,6,29,243,306
lacoste\62.jpg,lacoste,182,399,353,489
lacoste\63.jpg,lacoste,10,5,489,377
lacoste\64.jpg,lacoste,19,17,498,394
lacoste\65.jpg,lacoste,14,6,506,376
lacoste\7.jpg,lacoste,20,20,452,350
lacoste\8.jpg,lacoste,19,24,512,382
lacoste\9.jpg,lacoste,22,58,485,341
Lamborghini\1.jpg,Lamborghini,140,55,350,297
Lamborghini\12.jpg,Lamborghini,214,124,296,225
Lamborghini\13.jpg,Lamborghini,181,101,343,269
Lamborghini\15.jpg,Lamborghini,205,132,307,241
Lamborghini\17.jpg,Lamborghini,130,21,381,213
Lamborghini\18.jpg,Lamborghini,27,46,361,467
Lamborghini\19.jpg,Lamborghini,57,133,327,362
Lamborghini\20.jpg,Lamborghini,186,158,308,268
Lamborghini\21.jpg,Lamborghini,276,99,411,282
Lamborghini\23.jpg,Lamborghini,199,65,312,247
Lamborghini\24.jpg,Lamborghini,16,15,364,504
Lamborghini\25.jpg,Lamborghini,163,30,368,260
Lamborghini\27.jpg,Lamborghini,97,5,398,344
Lamborghini\28.jpg,Lamborghini,170,31,374,256
Lamborghini\29.jpg,Lamborghini,110,20,402,382
Lamborghini\3.jpg,Lamborghini,190,150,413,382
Lamborghini\32.jpg,Lamborghini,139,60,378,296
Lamborghini\35.jpg,Lamborghini,14,3,478,396
Lamborghini\36.jpg,Lamborghini,303,11,500,213
Lamborghini\40.jpg,Lamborghini,195,120,344,287
Lamborghini\41.jpg,Lamborghini,117,125,347,297
Lamborghini\42.jpg,Lamborghini,149,37,392,380
Lamborghini\43.jpg,Lamborghini,94,65,435,363
Lamborghini\44.jpg,Lamborghini,15,79,470,305
Lamborghini\45.jpg,Lamborghini,121,24,386,319
Lamborghini\46.jpg,Lamborghini,20,83,338,488
Lamborghini\47.jpg,Lamborghini,128,91,372,321
Lamborghini\48.jpg,Lamborghini,79,127,405,315
Lamborghini\50.jpg,Lamborghini,179,95,304,288
Lamborghini\51.jpg,Lamborghini,58,85,325,369
Lamborghini\52.jpg,Lamborghini,98,28,389,259
Lamborghini\53.jpg,Lamborghini,113,37,370,340
Lamborghini\55.jpg,Lamborghini,174,29,326,164
Lamborghini\56.jpg,Lamborghini,135,48,339,299
Lamborghini\57.jpg,Lamborghini,96,13,406,350
Lamborghini\58.jpg,Lamborghini,9,40,385,523
Lamborghini\59.jpg,Lamborghini,98,170,305,321
Lamborghini\6.jpg,Lamborghini,162,68,337,269
Lamborghini\60.jpg,Lamborghini,94,30,411,383
Lamborghini\62.jpg,Lamborghini,100,26,415,362
Lamborghini\63.jpg,Lamborghini,178,64,353,208
Lamborghini\64.jpg,Lamborghini,95,16,409,320
Lamborghini\65.jpg,Lamborghini,139,190,372,488
Lamborghini\66.jpg,Lamborghini,133,41,388,338
Lamborghini\67.jpg,Lamborghini,147,65,384,320
Lamborghini\68.jpg,Lamborghini,9,62,357,468
Lamborghini\7.jpg,Lamborghini,64,15,421,362
Lamborghini\70.jpg,Lamborghini,37,101,335,380
Lamborghini\71.jpg,Lamborghini,51,26,443,382
Lamborghini\76.jpg,Lamborghini,157,104,354,316
Lamborghini\78.jpg,Lamborghini,127,16,388,385
Lamborghini\79.jpg,Lamborghini,122,75,367,313
Lamborghini\8.jpg,Lamborghini,150,73,331,308
Lamborghini\82.jpg,Lamborghini,202,62,339,287
Lamborghini\83.jpg,Lamborghini,107,73,371,317
Lamborghini\84.jpg,Lamborghini,86,78,284,296
Lamborghini\9.jpg,Lamborghini,204,21,294,143
LAVAZZA\0.jpg,LAVAZZA,49,56,467,276
LAVAZZA\1.jpg,LAVAZZA,11,172,500,331
LAVAZZA\10.jpg,LAVAZZA,147,142,500,234
LAVAZZA\11.jpg,LAVAZZA,10,54,524,270
LAVAZZA\12.jpg,LAVAZZA,9,89,510,366
LAVAZZA\13.jpg,LAVAZZA,56,27,488,118
LAVAZZA\14.jpg,LAVAZZA,18,54,299,223
LAVAZZA\15.jpg,LAVAZZA,33,80,465,242
LAVAZZA\16.jpg,LAVAZZA,20,23,482,187
LAVAZZA\17.jpg,LAVAZZA,140,46,361,171
LAVAZZA\18.jpg,LAVAZZA,96,169,277,233
LAVAZZA\2.jpg,LAVAZZA,13,316,354,446
LAVAZZA\20.jpg,LAVAZZA,55,102,349,199
LAVAZZA\21.jpg,LAVAZZA,47,31,475,128
LAVAZZA\22.jpg,LAVAZZA,12,106,511,266
LAVAZZA\23.jpg,LAVAZZA,10,21,524,218
LAVAZZA\24.jpg,LAVAZZA,27,32,495,295
LAVAZZA\25.jpg,LAVAZZA,19,12,143,350
LAVAZZA\26.jpg,LAVAZZA,9,20,387,160
LAVAZZA\27.jpg,LAVAZZA,25,50,273,351
LAVAZZA\28.jpg,LAVAZZA,243,147,465,206
LAVAZZA\3.jpg,LAVAZZA,100,66,410,304
LAVAZZA\30.jpg,LAVAZZA,31,219,337,355
LAVAZZA\31.jpg,LAVAZZA,75,267,456,372
LAVAZZA\32.jpg,LAVAZZA,72,140,451,262
LAVAZZA\33.jpg,LAVAZZA,143,44,362,144
LAVAZZA\34.jpg,LAVAZZA,12,6,308,130
LAVAZZA\35.jpg,LAVAZZA,67,244,415,340
LAVAZZA\36.jpg,LAVAZZA,154,271,365,331
LAVAZZA\37.jpg,LAVAZZA,221,38,512,333
LAVAZZA\38.jpg,LAVAZZA,51,347,369,477
LAVAZZA\39.jpg,LAVAZZA,3,47,467,264
LAVAZZA\4.jpg,LAVAZZA,39,18,484,365
LAVAZZA\40.jpg,LAVAZZA,138,42,366,147
LAVAZZA\41.jpg,LAVAZZA,19,165,478,332
LAVAZZA\42.jpg,LAVAZZA,61,74,504,169
LAVAZZA\43.jpg,LAVAZZA,177,282,340,334
LAVAZZA\44.jpg,LAVAZZA,57,265,465,365
LAVAZZA\45.jpg,LAVAZZA,56,79,457,298
LAVAZZA\46.jpg,LAVAZZA,46,86,346,154
LAVAZZA\47.jpg,LAVAZZA,69,33,415,175
LAVAZZA\49.jpg,LAVAZZA,76,70,432,229
LAVAZZA\5.jpg,LAVAZZA,32,59,498,180
LAVAZZA\50.jpg,LAVAZZA,81,368,349,443
LAVAZZA\51.jpg,LAVAZZA,165,100,345,175
LAVAZZA\52.jpg,LAVAZZA,58,401,352,485
LAVAZZA\53.jpg,LAVAZZA,26,117,487,242
LAVAZZA\55.jpg,LAVAZZA,11,14,350,128
LAVAZZA\56.jpg,LAVAZZA,22,120,517,283
LAVAZZA\6.jpg,LAVAZZA,78,139,437,249
LAVAZZA\7.jpg,LAVAZZA,170,257,332,331
LAVAZZA\8.jpg,LAVAZZA,37,326,360,457
LAVAZZA\9.jpg,LAVAZZA,50,63,497,179
lego mindstorms\1.jpg,lego mindstorms,26,54,478,317
lego mindstorms\11.jpg,lego mindstorms,21,144,466,257
lego mindstorms\15.jpg,lego mindstorms,39,108,482,259
lego mindstorms\17.jpg,lego mindstorms,15,44,496,248
lego mindstorms\2.jpg,lego mindstorms,10,23,476,362
lego mindstorms\20.jpg,lego mindstorms,31,41,469,162
lego mindstorms\21.jpg,lego mindstorms,44,98,481,286
lego mindstorms\22.jpg,lego mindstorms,18,60,472,321
lego mindstorms\24.jpg,lego mindstorms,34,127,458,232
lego mindstorms\26.jpg,lego mindstorms,18,39,511,271
lego mindstorms\27.jpg,lego mindstorms,21,116,508,244
lego mindstorms\29.jpg,lego mindstorms,1,20,508,222
lego mindstorms\33.jpg,lego mindstorms,1,7,489,156
lego mindstorms\36.jpg,lego mindstorms,19,63,464,265
lego mindstorms\38.jpg,lego mindstorms,9,127,484,253
lego mindstorms\4.jpg,lego mindstorms,47,107,522,274
lego mindstorms\41.jpg,lego mindstorms,5,6,469,304
lego mindstorms\43.jpg,lego mindstorms,7,191,497,346
lego mindstorms\45.jpg,lego mindstorms,8,63,481,297
lego mindstorms\46.jpg,lego mindstorms,98,124,429,251
lego mindstorms\47.jpg,lego mindstorms,122,45,427,178
lego mindstorms\49.jpg,lego mindstorms,10,52,497,257
lego mindstorms\50.jpg,lego mindstorms,20,101,491,226
lego mindstorms\52.jpg,lego mindstorms,106,45,447,153
lego mindstorms\53.jpg,lego mindstorms,24,38,510,249
lego mindstorms\54.jpg,lego mindstorms,15,121,460,233
lego mindstorms\7.jpg,lego mindstorms,11,11,520,175
lego mindstorms\8.jpg,lego mindstorms,31,38,475,168
lego mindstorms\9.jpg,lego mindstorms,23,131,504,275
lexus-1\1.jpg,lexus,79,17,395,251
lexus-1\1.jpg,lexus,2,279,497,376
lexus-1\10.jpg,lexus,6,123,133,241
lexus-1\10.jpg,lexus,149,146,488,228
lexus-1\100.jpg,lexus,201,187,292,242
lexus-1\100.jpg,lexus,169,247,307,283
lexus-1\101.jpg,lexus,165,87,322,271
lexus-1\102.jpg,lexus,95,14,386,251
lexus-1\102.jpg,lexus,1,260,480,358
lexus-1\103.jpg,lexus,39,75,246,275
lexus-1\104.jpg,lexus,119,4,389,368
lexus-1\105.jpg,lexus,138,1,364,230
lexus-1\105.jpg,lexus,3,251,514,367
lexus-1\106.jpg,lexus,181,59,339,185
lexus-1\106.jpg,lexus,27,227,476,322
lexus-1\107.jpg,lexus,97,75,390,242
lexus-1\107.jpg,lexus,6,244,486,319
lexus-1\108.jpg,lexus,175,51,339,191
lexus-1\108.jpg,lexus,24,224,448,317
lexus-1\109.jpg,lexus,19,5,492,359
lexus-1\11.jpg,lexus,75,135,229,222
lexus-1\11.jpg,lexus,34,218,284,264
lexus-1\110.jpg,lexus,7,125,138,237
lexus-1\110.jpg,lexus,150,139,503,232
lexus-1\111.jpg,lexus,62,36,429,353
lexus-1\113.jpg,lexus,187,51,371,203
lexus-1\113.jpg,lexus,3,212,502,305
lexus-1\114.jpg,lexus,172,90,338,204
lexus-1\114.jpg,lexus,10,201,463,290
lexus-1\115.jpg,lexus,123,17,399,222
lexus-1\115.jpg,lexus,7,243,522,342
lexus-1\116.jpg,lexus,34,36,486,317
lexus-1\117.jpg,lexus,76,66,461,328
lexus-1\118.jpg,lexus,134,78,336,210
lexus-1\118.jpg,lexus,43,224,434,301
lexus-1\119.jpg,lexus,158,62,360,171
lexus-1\119.jpg,lexus,1,169,510,252
lexus-1\12.jpg,lexus,8,49,519,316
lexus-1\120.jpg,lexus,29,28,485,300
lexus-1\121.jpg,lexus,62,54,459,294
lexus-1\122.jpg,lexus,3,142,137,240
lexus-1\122.jpg,lexus,148,153,480,231
lexus-1\123.jpg,lexus,133,1,337,238
lexus-1\123.jpg,lexus,2,252,483,383
lexus-1\124.jpg,lexus,107,36,435,286
lexus-1\125.jpg,lexus,39,39,482,363
lexus-1\126.jpg,lexus,101,2,421,249
lexus-1\126.jpg,lexus,1,260,518,358
lexus-1\127.jpg,lexus,157,91,362,234
lexus-1\127.jpg,lexus,107,248,405,315
lexus-1\128.jpg,lexus,156,206,302,346
lexus-1\129.jpg,lexus,87,11,389,270
lexus-1\129.jpg,lexus,1,286,496,384
lexus-1\13.jpg,lexus,86,1,395,272
lexus-1\131.jpg,lexus,88,30,397,260
lexus-1\131.jpg,lexus,1,269,494,359
lexus-1\132.jpg,lexus,78,42,426,330
lexus-1\133.jpg,lexus,59,5,452,279
lexus-1\133.jpg,lexus,2,296,518,378
lexus-1\134.jpg,lexus,164,123,344,279
lexus-1\135.jpg,lexus,239,54,388,251
lexus-1\135.jpg,lexus,195,249,440,361
lexus-1\136.jpg,lexus,170,122,321,257
lexus-1\137.jpg,lexus,6,46,128,262
lexus-1\137.jpg,lexus,139,95,482,214
lexus-1\138.jpg,lexus,73,65,194,203
lexus-1\138.jpg,lexus,22,214,224,263
lexus-1\139.jpg,lexus,65,19,414,368
lexus-1\14.jpg,lexus,25,68,485,284
lexus-1\140.jpg,lexus,29,85,245,298
lexus-1\140.jpg,lexus,265,180,449,378
lexus-1\141.jpg,lexus,49,72,458,283
lexus-1\142.jpg,lexus,153,101,350,208
lexus-1\142.jpg,lexus,9,201,497,294
lexus-1\143.jpg,lexus,189,131,222,175
lexus-1\143.jpg,lexus,236,171,322,231
lexus-1\143.jpg,lexus,198,243,317,278
lexus-1\143.jpg,lexus,159,240,198,289
lexus-1\144.jpg,lexus,117,56,386,187
lexus-1\144.jpg,lexus,36,199,481,256
lexus-1\145.jpg,lexus,32,26,154,307
lexus-1\145.jpg,lexus,159,109,499,266
lexus-1\146.jpg,lexus,64,120,166,236
lexus-1\146.jpg,lexus,175,147,426,220
lexus-1\147.jpg,lexus,156,78,321,183
lexus-1\147.jpg,lexus,32,189,449,265
lexus-1\148.jpg,lexus,129,102,338,253
lexus-1\149.jpg,lexus,150,20,358,187
lexus-1\149.jpg,lexus,8,194,524,304
lexus-1\15.jpg,lexus,21,127,138,234
lexus-1\15.jpg,lexus,154,139,498,218
lexus-1\150.jpg,lexus,170,49,340,297
lexus-1\151.jpg,lexus,13,161,71,226
lexus-1\153.jpg,lexus,64,82,446,268
lexus-1\154.jpg,lexus,4,144,124,235
lexus-1\154.jpg,lexus,135,162,486,243
lexus-1\155.jpg,lexus,151,102,382,304
lexus-1\156.jpg,lexus,199,41,308,148
lexus-1\157.jpg,lexus,157,47,372,199
lexus-1\157.jpg,lexus,1,207,510,285
lexus-1\158.jpg,lexus,50,1,435,232
lexus-1\159.jpg,lexus,69,46,431,313
lexus-1\16.jpg,lexus,102,15,392,237
lexus-1\16.jpg,lexus,1,253,497,351
lexus-1\160.jpg,lexus,15,108,80,163
lexus-1\160.jpg,lexus,14,236,76,279
lexus-1\160.jpg,lexus,258,110,330,153
lexus-1\160.jpg,lexus,268,227,325,284
lexus-1\160.jpg,lexus,77,122,256,167
lexus-1\160.jpg,lexus,80,235,246,279
lexus-1\160.jpg,lexus,334,115,506,158
lexus-1\160.jpg,lexus,330,239,501,284
lexus-1\161.jpg,lexus,45,127,154,247
lexus-1\161.jpg,lexus,156,163,441,234
lexus-1\162.jpg,lexus,147,128,345,264
lexus-1\163.jpg,lexus,7,52,474,330
lexus-1\164.jpg,lexus,227,134,441,274
lexus-1\165.jpg,lexus,152,159,196,201
lexus-1\165.jpg,lexus,194,157,327,206
lexus-1\166.jpg,lexus,29,46,442,343
lexus-1\167.jpg,lexus,272,79,512,317
lexus-1\168.jpg,lexus,26,41,467,325
lexus-1\169.jpg,lexus,76,192,464,271
lexus-1\17.jpg,lexus,133,19,353,242
lexus-1\17.jpg,lexus,45,259,448,359
lexus-1\170.jpg,lexus,249,83,497,288
lexus-1\171.jpg,lexus,58,61,467,338
lexus-1\172.jpg,lexus,30,79,268,317
lexus-1\172.jpg,lexus,277,189,484,391
lexus-1\172.jpg,lexus,268,22,468,170
lexus-1\173.jpg,lexus,72,61,418,332
lexus-1\175.jpg,lexus,109,19,462,329
lexus-1\176.jpg,lexus,10,32,496,351
lexus-1\177.jpg,lexus,137,172,285,313
lexus-1\18.jpg,lexus,120,63,401,306
lexus-1\180.jpg,lexus,138,91,364,225
lexus-1\180.jpg,lexus,1,227,514,316
lexus-1\183.jpg,lexus,155,81,350,219
lexus-1\183.jpg,lexus,10,209,512,312
lexus-1\184.jpg,lexus,96,22,425,305
lexus-1\188.jpg,lexus,145,66,320,181
lexus-1\188.jpg,lexus,34,177,460,252
lexus-1\189.jpg,lexus,195,170,286,233
lexus-1\189.jpg,lexus,179,228,310,266
lexus-1\19.jpg,lexus,15,142,482,237
lexus-1\190.jpg,lexus,108,25,413,385
lexus-1\191.jpg,lexus,99,18,331,189
lexus-1\191.jpg,lexus,6,191,493,357
lexus-1\192.jpg,lexus,151,3,360,251
lexus-1\192.jpg,lexus,1,242,502,396
lexus-1\193.jpg,lexus,148,33,344,244
lexus-1\193.jpg,lexus,39,260,441,358
lexus-1\194.jpg,lexus,135,84,323,189
lexus-1\194.jpg,lexus,66,182,388,238
lexus-1\195.jpg,lexus,129,109,367,231
lexus-1\195.jpg,lexus,52,222,431,295
lexus-1\196.jpg,lexus,169,107,340,202
lexus-1\196.jpg,lexus,33,202,476,262
lexus-1\197.jpg,lexus,7,23,350,240
lexus-1\197.jpg,lexus,4,280,350,500
lexus-1\198.jpg,lexus,84,248,175,293
lexus-1\198.jpg,lexus,11,289,237,334
lexus-1\199.jpg,lexus,193,165,335,272
lexus-1\2.jpg,lexus,32,64,489,304
lexus-1\20.jpg,lexus,53,202,297,404
lexus-1\200.jpg,lexus,5,41,127,315
lexus-1\200.jpg,lexus,134,108,485,269
lexus-1\201.jpg,lexus,121,81,353,200
lexus-1\201.jpg,lexus,3,193,492,269
lexus-1\202.jpg,lexus,6,29,376,234
lexus-1\202.jpg,lexus,4,279,376,487
lexus-1\203.jpg,lexus,61,23,454,337
lexus-1\204.jpg,lexus,113,64,391,228
lexus-1\204.jpg,lexus,22,238,475,324
lexus-1\205.jpg,lexus,125,56,323,195
lexus-1\205.jpg,lexus,3,193,489,300
lexus-1\206.jpg,lexus,200,209,296,262
lexus-1\207.jpg,lexus,131,160,176,208
lexus-1\207.jpg,lexus,210,235,249,272
lexus-1\207.jpg,lexus,167,167,287,199
lexus-1\207.jpg,lexus,249,244,365,272
lexus-1\208.jpg,lexus,54,45,425,345
lexus-1\210.jpg,lexus,131,108,374,234
lexus-1\210.jpg,lexus,112,241,388,284
lexus-1\211.jpg,lexus,180,58,333,181
lexus-1\211.jpg,lexus,34,190,443,261
lexus-1\212.jpg,lexus,89,8,410,244
lexus-1\212.jpg,lexus,1,258,517,354
lexus-1\213.jpg,lexus,91,12,391,276
lexus-1\213.jpg,lexus,12,292,495,386
lexus-1\215.jpg,lexus,19,130,148,259
lexus-1\215.jpg,lexus,160,154,515,237
lexus-1\216.jpg,lexus,118,57,377,188
lexus-1\216.jpg,lexus,18,188,480,254
lexus-1\217.jpg,lexus,1,118,133,223
lexus-1\217.jpg,lexus,145,149,521,212
lexus-1\218.jpg,lexus,148,37,344,324
lexus-1\219.jpg,lexus,117,59,401,328
lexus-1\22.jpg,lexus,123,64,345,197
lexus-1\22.jpg,lexus,25,204,438,272
lexus-1\220.jpg,lexus,70,112,234,194
lexus-1\220.jpg,lexus,37,199,280,249
lexus-1\221.jpg,lexus,4,143,485,248
lexus-1\222.jpg,lexus,41,98,441,286
lexus-1\223.jpg,lexus,196,177,287,234
lexus-1\223.jpg,lexus,175,232,325,261
lexus-1\224.jpg,lexus,89,166,415,214
lexus-1\226.jpg,lexus,163,57,339,176
lexus-1\226.jpg,lexus,51,179,456,257
lexus-1\227.jpg,lexus,192,184,297,253
lexus-1\227.jpg,lexus,172,253,315,291
lexus-1\228.jpg,lexus,101,1,394,384
lexus-1\229.jpg,lexus,157,7,348,241
lexus-1\229.jpg,lexus,5,247,496,385
lexus-1\23.jpg,lexus,29,44,158,325
lexus-1\23.jpg,lexus,163,113,501,285
lexus-1\230.jpg,lexus,181,50,358,181
lexus-1\230.jpg,lexus,19,217,484,305
lexus-1\231.jpg,lexus,23,187,264,320
lexus-1\232.jpg,lexus,127,35,357,244
lexus-1\232.jpg,lexus,39,270,446,351
lexus-1\233.jpg,lexus,140,85,312,190
lexus-1\233.jpg,lexus,92,185,376,254
lexus-1\234.jpg,lexus,72,35,453,356
lexus-1\235.jpg,lexus,183,105,317,174
lexus-1\235.jpg,lexus,110,178,368,229
lexus-1\236.jpg,lexus,101,19,415,375
lexus-1\237.jpg,lexus,124,105,364,238
lexus-1\237.jpg,lexus,50,238,453,297
lexus-1\238.jpg,lexus,185,120,303,186
lexus-1\238.jpg,lexus,105,188,399,231
lexus-1\239.jpg,lexus,58,59,414,308
lexus-1\24.jpg,lexus,128,52,362,243
lexus-1\24.jpg,lexus,1,247,504,375
lexus-1\240.jpg,lexus,74,28,410,367
lexus-1\241.jpg,lexus,4,18,389,210
lexus-1\241.jpg,lexus,4,266,386,461
lexus-1\242.jpg,lexus,87,227,164,274
lexus-1\242.jpg,lexus,20,274,225,314
lexus-1\243.jpg,lexus,37,43,424,367
lexus-1\244.jpg,lexus,1,47,130,281
lexus-1\244.jpg,lexus,132,113,493,254
lexus-1\245.jpg,lexus,131,41,326,194
lexus-1\245.jpg,lexus,8,208,491,304
lexus-1\25.jpg,lexus,153,78,335,185
lexus-1\25.jpg,lexus,46,187,460,255
lexus-1\26.jpg,lexus,139,96,360,241
lexus-1\27.jpg,lexus,158,19,344,198
lexus-1\27.jpg,lexus,4,190,508,319
lexus-1\28.jpg,lexus,181,57,322,287
lexus-1\29.jpg,lexus,149,103,322,210
lexus-1\29.jpg,lexus,83,212,392,266
lexus-1\30.jpg,lexus,12,170,73,216
lexus-1\31.jpg,lexus,55,69,425,282
lexus-1\32.jpg,lexus,89,62,382,239
lexus-1\32.jpg,lexus,14,237,480,307
lexus-1\33.jpg,lexus,118,69,363,302
lexus-1\34.jpg,lexus,189,43,320,157
lexus-1\36.jpg,lexus,46,13,428,245
lexus-1\37.jpg,lexus,66,43,439,334
lexus-1\38.jpg,lexus,10,106,70,148
lexus-1\38.jpg,lexus,6,221,72,268
lexus-1\38.jpg,lexus,246,110,308,148
lexus-1\38.jpg,lexus,257,219,317,275
lexus-1\38.jpg,lexus,79,115,230,157
lexus-1\38.jpg,lexus,75,230,237,261
lexus-1\38.jpg,lexus,306,112,475,148
lexus-1\38.jpg,lexus,301,217,475,277
lexus-1\39.jpg,lexus,48,108,174,232
lexus-1\39.jpg,lexus,179,158,467,220
lexus-1\4.jpg,lexus,108,3,367,246
lexus-1\4.jpg,lexus,3,251,523,386
lexus-1\40.jpg,lexus,129,123,349,250
lexus-1\41.jpg,lexus,118,103,343,232
lexus-1\41.jpg,lexus,58,236,414,305
lexus-1\42.jpg,lexus,11,49,492,290
lexus-1\43.jpg,lexus,88,162,448,237
lexus-1\44.jpg,lexus,36,29,496,361
lexus-1\45.jpg,lexus,115,33,365,202
lexus-1\45.jpg,lexus,13,202,508,369
lexus-1\46.jpg,lexus,154,184,290,316
lexus-1\47.jpg,lexus,1,29,350,229
lexus-1\47.jpg,lexus,1,282,350,473
lexus-1\48.jpg,lexus,86,10,388,254
lexus-1\48.jpg,lexus,19,279,475,365
lexus-1\49.jpg,lexus,71,170,409,232
lexus-1\5.jpg,lexus,132,145,171,188
lexus-1\5.jpg,lexus,203,218,255,256
lexus-1\5.jpg,lexus,178,163,282,193
lexus-1\5.jpg,lexus,250,220,371,254
lexus-1\50.jpg,lexus,182,96,328,185
lexus-1\50.jpg,lexus,114,185,377,229
lexus-1\51.jpg,lexus,36,58,462,330
lexus-1\52.jpg,lexus,85,8,398,272
lexus-1\53.jpg,lexus,160,94,316,183
lexus-1\53.jpg,lexus,23,185,436,238
lexus-1\54.jpg,lexus,136,45,350,221
lexus-1\54.jpg,lexus,1,226,481,338
lexus-1\55.jpg,lexus,150,196,286,348
lexus-1\56.jpg,lexus,5,122,141,375
lexus-1\56.jpg,lexus,143,188,514,311
lexus-1\57.jpg,lexus,4,137,139,375
lexus-1\57.jpg,lexus,149,192,513,323
lexus-1\58.jpg,lexus,162,207,373,271
lexus-1\59.jpg,lexus,138,111,352,270
lexus-1\6.jpg,lexus,146,111,375,218
lexus-1\6.jpg,lexus,118,213,399,263
lexus-1\60.jpg,lexus,1,198,382,301
lexus-1\61.jpg,lexus,175,81,341,290
lexus-1\62.jpg,lexus,184,28,361,197
lexus-1\62.jpg,lexus,2,185,484,285
lexus-1\63.jpg,lexus,104,37,393,284
lexus-1\64.jpg,lexus,228,59,383,233
lexus-1\64.jpg,lexus,163,237,428,326
lexus-1\65.jpg,lexus,7,10,376,219
lexus-1\65.jpg,lexus,1,297,373,483
lexus-1\66.jpg,lexus,80,126,173,222
lexus-1\66.jpg,lexus,182,149,443,217
lexus-1\67.jpg,lexus,214,122,414,282
lexus-1\68.jpg,lexus,176,198,411,291
lexus-1\69.jpg,lexus,149,161,212,206
lexus-1\69.jpg,lexus,207,168,358,215
lexus-1\70.jpg,lexus,50,22,459,313
lexus-1\71.jpg,lexus,244,73,473,300
lexus-1\72.jpg,lexus,42,59,486,356
lexus-1\73.jpg,lexus,89,238,173,292
lexus-1\73.jpg,lexus,26,287,233,343
lexus-1\74.jpg,lexus,1,64,139,298
lexus-1\74.jpg,lexus,141,85,508,282
lexus-1\75.jpg,lexus,146,83,341,221
lexus-1\75.jpg,lexus,1,221,487,301
lexus-1\76.jpg,lexus,53,30,464,345
lexus-1\77.jpg,lexus,106,57,383,230
lexus-1\77.jpg,lexus,33,226,465,312
lexus-1\78.jpg,lexus,28,90,263,311
lexus-1\78.jpg,lexus,265,29,477,178
lexus-1\78.jpg,lexus,279,190,484,378
lexus-1\79.jpg,lexus,145,133,349,266
lexus-1\80.jpg,lexus,130,55,312,204
lexus-1\80.jpg,lexus,1,186,483,302
lexus-1\81.jpg,lexus,191,202,289,276
lexus-1\82.jpg,lexus,136,158,167,196
lexus-1\82.jpg,lexus,196,216,247,267
lexus-1\82.jpg,lexus,171,165,271,198
lexus-1\82.jpg,lexus,249,229,351,260
lexus-1\83.jpg,lexus,64,35,426,322
lexus-1\85.jpg,lexus,140,116,373,249
lexus-1\85.jpg,lexus,110,244,377,295
lexus-1\86.jpg,lexus,87,11,383,262
lexus-1\86.jpg,lexus,5,255,478,369
lexus-1\88.jpg,lexus,9,119,129,254
lexus-1\88.jpg,lexus,149,145,485,224
lexus-1\89.jpg,lexus,125,49,386,205
lexus-1\89.jpg,lexus,28,194,458,284
lexus-1\9.jpg,lexus,70,129,302,305
lexus-1\9.jpg,lexus,9,307,375,383
lexus-1\90.jpg,lexus,1,205,358,304
lexus-1\91.jpg,lexus,58,55,449,299
lexus-1\92.jpg,lexus,1,140,123,244
lexus-1\92.jpg,lexus,141,157,483,233
lexus-1\93.jpg,lexus,138,38,347,343
lexus-1\94.jpg,lexus,105,70,380,331
lexus-1\95.jpg,lexus,87,119,239,198
lexus-1\95.jpg,lexus,32,194,280,248
lexus-1\96.jpg,lexus,17,136,493,254
lexus-1\97.jpg,lexus,36,105,416,290
lexus-1\99.jpg,lexus,178,56,328,172
lexus-1\99.jpg,lexus,47,177,457,261
lexus-2\1.jpg,lexus,79,17,395,251
lexus-2\1.jpg,lexus,2,279,497,376
lexus-2\10.jpg,lexus,6,123,133,241
lexus-2\10.jpg,lexus,149,146,488,228
lexus-2\100.jpg,lexus,201,187,292,242
lexus-2\100.jpg,lexus,169,247,307,283
lexus-2\101.jpg,lexus,165,87,322,271
lexus-2\102.jpg,lexus,95,14,386,251
lexus-2\102.jpg,lexus,1,260,480,358
lexus-2\103.jpg,lexus,39,75,246,275
lexus-2\104.jpg,lexus,119,4,389,368
lexus-2\105.jpg,lexus,138,1,364,230
lexus-2\105.jpg,lexus,3,251,514,367
lexus-2\106.jpg,lexus,181,59,339,185
lexus-2\106.jpg,lexus,27,227,476,322
lexus-2\107.jpg,lexus,97,75,390,242
lexus-2\107.jpg,lexus,6,244,486,319
lexus-2\108.jpg,lexus,175,51,339,191
lexus-2\108.jpg,lexus,24,224,448,317
lexus-2\109.jpg,lexus,19,5,492,359
lexus-2\11.jpg,lexus,75,135,229,222
lexus-2\11.jpg,lexus,34,218,284,264
lexus-2\110.jpg,lexus,7,125,138,237
lexus-2\110.jpg,lexus,150,139,503,232
lexus-2\111.jpg,lexus,62,36,429,353
lexus-2\113.jpg,lexus,187,51,371,203
lexus-2\113.jpg,lexus,3,212,502,305
lexus-2\114.jpg,lexus,172,90,338,204
lexus-2\114.jpg,lexus,10,201,463,290
lexus-2\115.jpg,lexus,123,17,399,222
lexus-2\115.jpg,lexus,7,243,522,342
lexus-2\116.jpg,lexus,34,36,486,317
lexus-2\117.jpg,lexus,76,66,461,328
lexus-2\118.jpg,lexus,134,78,336,210
lexus-2\118.jpg,lexus,43,224,434,301
lexus-2\119.jpg,lexus,158,62,360,171
lexus-2\119.jpg,lexus,1,169,510,252
lexus-2\12.jpg,lexus,8,49,519,316
lexus-2\120.jpg,lexus,29,28,485,300
lexus-2\121.jpg,lexus,62,54,459,294
lexus-2\122.jpg,lexus,3,142,137,240
lexus-2\122.jpg,lexus,148,153,480,231
lexus-2\123.jpg,lexus,133,1,337,238
lexus-2\123.jpg,lexus,2,252,483,383
lexus-2\124.jpg,lexus,107,36,435,286
lexus-2\125.jpg,lexus,39,39,482,363
lexus-2\126.jpg,lexus,101,2,421,249
lexus-2\126.jpg,lexus,1,260,518,358
lexus-2\127.jpg,lexus,157,91,362,234
lexus-2\127.jpg,lexus,107,248,405,315
lexus-2\128.jpg,lexus,156,206,302,346
lexus-2\129.jpg,lexus,87,11,389,270
lexus-2\129.jpg,lexus,1,286,496,384
lexus-2\13.jpg,lexus,86,1,395,272
lexus-2\131.jpg,lexus,88,30,397,260
lexus-2\131.jpg,lexus,1,269,494,359
lexus-2\132.jpg,lexus,78,42,426,330
lexus-2\133.jpg,lexus,59,5,452,279
lexus-2\133.jpg,lexus,2,296,518,378
lexus-2\134.jpg,lexus,164,123,344,279
lexus-2\135.jpg,lexus,239,54,388,251
lexus-2\135.jpg,lexus,195,249,440,361
lexus-2\136.jpg,lexus,170,122,321,257
lexus-2\137.jpg,lexus,6,46,128,262
lexus-2\137.jpg,lexus,139,95,482,214
lexus-2\138.jpg,lexus,73,65,194,203
lexus-2\138.jpg,lexus,22,214,224,263
lexus-2\139.jpg,lexus,65,19,414,368
lexus-2\14.jpg,lexus,25,68,485,284
lexus-2\140.jpg,lexus,29,85,245,298
lexus-2\140.jpg,lexus,265,180,449,378
lexus-2\141.jpg,lexus,49,72,458,283
lexus-2\142.jpg,lexus,153,101,350,208
lexus-2\142.jpg,lexus,9,201,497,294
lexus-2\143.jpg,lexus,189,131,222,175
lexus-2\143.jpg,lexus,236,171,322,231
lexus-2\143.jpg,lexus,198,243,317,278
lexus-2\143.jpg,lexus,159,240,198,289
lexus-2\144.jpg,lexus,117,56,386,187
lexus-2\144.jpg,lexus,36,199,481,256
lexus-2\145.jpg,lexus,32,26,154,307
lexus-2\145.jpg,lexus,159,109,499,266
lexus-2\146.jpg,lexus,64,120,166,236
lexus-2\146.jpg,lexus,175,147,426,220
lexus-2\147.jpg,lexus,156,78,321,183
lexus-2\147.jpg,lexus,32,189,449,265
lexus-2\148.jpg,lexus,129,102,338,253
lexus-2\149.jpg,lexus,150,20,358,187
lexus-2\149.jpg,lexus,8,194,524,304
lexus-2\15.jpg,lexus,21,127,138,234
lexus-2\15.jpg,lexus,154,139,498,218
lexus-2\150.jpg,lexus,170,49,340,297
lexus-2\151.jpg,lexus,13,161,71,226
lexus-2\153.jpg,lexus,64,82,446,268
lexus-2\154.jpg,lexus,4,144,124,235
lexus-2\154.jpg,lexus,135,162,486,243
lexus-2\155.jpg,lexus,151,102,382,304
lexus-2\156.jpg,lexus,199,41,308,148
lexus-2\157.jpg,lexus,157,47,372,199
lexus-2\157.jpg,lexus,1,207,510,285
lexus-2\158.jpg,lexus,50,1,435,232
lexus-2\159.jpg,lexus,69,46,431,313
lexus-2\16.jpg,lexus,102,15,392,237
lexus-2\16.jpg,lexus,1,253,497,351
lexus-2\160.jpg,lexus,15,108,80,163
lexus-2\160.jpg,lexus,14,236,76,279
lexus-2\160.jpg,lexus,258,110,330,153
lexus-2\160.jpg,lexus,268,227,325,284
lexus-2\160.jpg,lexus,77,122,256,167
lexus-2\160.jpg,lexus,80,235,246,279
lexus-2\160.jpg,lexus,334,115,506,158
lexus-2\160.jpg,lexus,330,239,501,284
lexus-2\161.jpg,lexus,45,127,154,247
lexus-2\161.jpg,lexus,156,163,441,234
lexus-2\162.jpg,lexus,147,128,345,264
lexus-2\163.jpg,lexus,7,52,474,330
lexus-2\164.jpg,lexus,227,134,441,274
lexus-2\165.jpg,lexus,152,159,196,201
lexus-2\165.jpg,lexus,194,157,327,206
lexus-2\166.jpg,lexus,29,46,442,343
lexus-2\167.jpg,lexus,272,79,512,317
lexus-2\168.jpg,lexus,26,41,467,325
lexus-2\169.jpg,lexus,76,192,464,271
lexus-2\17.jpg,lexus,133,19,353,242
lexus-2\17.jpg,lexus,45,259,448,359
lexus-2\170.jpg,lexus,249,83,497,288
lexus-2\171.jpg,lexus,58,61,467,338
lexus-2\172.jpg,lexus,30,79,268,317
lexus-2\172.jpg,lexus,277,189,484,391
lexus-2\172.jpg,lexus,268,22,468,170
lexus-2\173.jpg,lexus,72,61,418,332
lexus-2\175.jpg,lexus,109,19,462,329
lexus-2\176.jpg,lexus,10,32,496,351
lexus-2\177.jpg,lexus,137,172,285,313
lexus-2\18.jpg,lexus,120,63,401,306
lexus-2\180.jpg,lexus,138,91,364,225
lexus-2\180.jpg,lexus,1,227,514,316
lexus-2\183.jpg,lexus,155,81,350,219
lexus-2\183.jpg,lexus,10,209,512,312
lexus-2\184.jpg,lexus,96,22,425,305
lexus-2\188.jpg,lexus,145,66,320,181
lexus-2\188.jpg,lexus,34,177,460,252
lexus-2\189.jpg,lexus,195,170,286,233
lexus-2\189.jpg,lexus,179,228,310,266
lexus-2\19.jpg,lexus,15,142,482,237
lexus-2\190.jpg,lexus,108,25,413,385
lexus-2\191.jpg,lexus,99,18,331,189
lexus-2\191.jpg,lexus,6,191,493,357
lexus-2\192.jpg,lexus,151,3,360,251
lexus-2\192.jpg,lexus,1,242,502,396
lexus-2\193.jpg,lexus,148,33,344,244
lexus-2\193.jpg,lexus,39,260,441,358
lexus-2\194.jpg,lexus,135,84,323,189
lexus-2\194.jpg,lexus,66,182,388,238
lexus-2\195.jpg,lexus,129,109,367,231
lexus-2\195.jpg,lexus,52,222,431,295
lexus-2\196.jpg,lexus,169,107,340,202
lexus-2\196.jpg,lexus,33,202,476,262
lexus-2\197.jpg,lexus,7,23,350,240
lexus-2\197.jpg,lexus,4,280,350,500
lexus-2\198.jpg,lexus,84,248,175,293
lexus-2\198.jpg,lexus,11,289,237,334
lexus-2\199.jpg,lexus,193,165,335,272
lexus-2\2.jpg,lexus,32,64,489,304
lexus-2\20.jpg,lexus,53,202,297,404
lexus-2\200.jpg,lexus,5,41,127,315
lexus-2\200.jpg,lexus,134,108,485,269
lexus-2\201.jpg,lexus,121,81,353,200
lexus-2\201.jpg,lexus,3,193,492,269
lexus-2\202.jpg,lexus,6,29,376,234
lexus-2\202.jpg,lexus,4,279,376,487
lexus-2\203.jpg,lexus,61,23,454,337
lexus-2\204.jpg,lexus,113,64,391,228
lexus-2\204.jpg,lexus,22,238,475,324
lexus-2\205.jpg,lexus,125,56,323,195
lexus-2\205.jpg,lexus,3,193,489,300
lexus-2\206.jpg,lexus,200,209,296,262
lexus-2\207.jpg,lexus,131,160,176,208
lexus-2\207.jpg,lexus,210,235,249,272
lexus-2\207.jpg,lexus,167,167,287,199
lexus-2\207.jpg,lexus,249,244,365,272
lexus-2\208.jpg,lexus,54,45,425,345
lexus-2\210.jpg,lexus,131,108,374,234
lexus-2\210.jpg,lexus,112,241,388,284
lexus-2\211.jpg,lexus,180,58,333,181
lexus-2\211.jpg,lexus,34,190,443,261
lexus-2\212.jpg,lexus,89,8,410,244
lexus-2\212.jpg,lexus,1,258,517,354
lexus-2\213.jpg,lexus,91,12,391,276
lexus-2\213.jpg,lexus,12,292,495,386
lexus-2\215.jpg,lexus,19,130,148,259
lexus-2\215.jpg,lexus,160,154,515,237
lexus-2\216.jpg,lexus,118,57,377,188
lexus-2\216.jpg,lexus,18,188,480,254
lexus-2\217.jpg,lexus,1,118,133,223
lexus-2\217.jpg,lexus,145,149,521,212
lexus-2\218.jpg,lexus,148,37,344,324
lexus-2\219.jpg,lexus,117,59,401,328
lexus-2\22.jpg,lexus,123,64,345,197
lexus-2\22.jpg,lexus,25,204,438,272
lexus-2\220.jpg,lexus,70,112,234,194
lexus-2\220.jpg,lexus,37,199,280,249
lexus-2\221.jpg,lexus,4,143,485,248
lexus-2\222.jpg,lexus,41,98,441,286
lexus-2\223.jpg,lexus,196,177,287,234
lexus-2\223.jpg,lexus,175,232,325,261
lexus-2\224.jpg,lexus,89,166,415,214
lexus-2\226.jpg,lexus,163,57,339,176
lexus-2\226.jpg,lexus,51,179,456,257
lexus-2\227.jpg,lexus,192,184,297,253
lexus-2\227.jpg,lexus,172,253,315,291
lexus-2\228.jpg,lexus,101,1,394,384
lexus-2\229.jpg,lexus,157,7,348,241
lexus-2\229.jpg,lexus,5,247,496,385
lexus-2\23.jpg,lexus,29,44,158,325
lexus-2\23.jpg,lexus,163,113,501,285
lexus-2\230.jpg,lexus,181,50,358,181
lexus-2\230.jpg,lexus,19,217,484,305
lexus-2\231.jpg,lexus,23,187,264,320
lexus-2\232.jpg,lexus,127,35,357,244
lexus-2\232.jpg,lexus,39,270,446,351
lexus-2\233.jpg,lexus,140,85,312,190
lexus-2\233.jpg,lexus,92,185,376,254
lexus-2\234.jpg,lexus,72,35,453,356
lexus-2\235.jpg,lexus,183,105,317,174
lexus-2\235.jpg,lexus,110,178,368,229
lexus-2\236.jpg,lexus,101,19,415,375
lexus-2\237.jpg,lexus,124,105,364,238
lexus-2\237.jpg,lexus,50,238,453,297
lexus-2\238.jpg,lexus,185,120,303,186
lexus-2\238.jpg,lexus,105,188,399,231
lexus-2\239.jpg,lexus,58,59,414,308
lexus-2\24.jpg,lexus,128,52,362,243
lexus-2\24.jpg,lexus,1,247,504,375
lexus-2\240.jpg,lexus,74,28,410,367
lexus-2\241.jpg,lexus,4,18,389,210
lexus-2\241.jpg,lexus,4,266,386,461
lexus-2\242.jpg,lexus,87,227,164,274
lexus-2\242.jpg,lexus,20,274,225,314
lexus-2\243.jpg,lexus,37,43,424,367
lexus-2\244.jpg,lexus,1,47,130,281
lexus-2\244.jpg,lexus,132,113,493,254
lexus-2\245.jpg,lexus,131,41,326,194
lexus-2\245.jpg,lexus,8,208,491,304
lexus-2\25.jpg,lexus,153,78,335,185
lexus-2\25.jpg,lexus,46,187,460,255
lexus-2\26.jpg,lexus,139,96,360,241
lexus-2\27.jpg,lexus,158,19,344,198
lexus-2\27.jpg,lexus,4,190,508,319
lexus-2\28.jpg,lexus,181,57,322,287
lexus-2\29.jpg,lexus,149,103,322,210
lexus-2\29.jpg,lexus,83,212,392,266
lexus-2\30.jpg,lexus,12,170,73,216
lexus-2\31.jpg,lexus,55,69,425,282
lexus-2\32.jpg,lexus,89,62,382,239
lexus-2\32.jpg,lexus,14,237,480,307
lexus-2\33.jpg,lexus,118,69,363,302
lexus-2\34.jpg,lexus,189,43,320,157
lexus-2\36.jpg,lexus,46,13,428,245
lexus-2\37.jpg,lexus,66,43,439,334
lexus-2\38.jpg,lexus,10,106,70,148
lexus-2\38.jpg,lexus,6,221,72,268
lexus-2\38.jpg,lexus,246,110,308,148
lexus-2\38.jpg,lexus,257,219,317,275
lexus-2\38.jpg,lexus,79,115,230,157
lexus-2\38.jpg,lexus,75,230,237,261
lexus-2\38.jpg,lexus,306,112,475,148
lexus-2\38.jpg,lexus,301,217,475,277
lexus-2\39.jpg,lexus,48,108,174,232
lexus-2\39.jpg,lexus,179,158,467,220
lexus-2\4.jpg,lexus,108,3,367,246
lexus-2\4.jpg,lexus,3,251,523,386
lexus-2\40.jpg,lexus,129,123,349,250
lexus-2\41.jpg,lexus,118,103,343,232
lexus-2\41.jpg,lexus,58,236,414,305
lexus-2\42.jpg,lexus,11,49,492,290
lexus-2\43.jpg,lexus,88,162,448,237
lexus-2\44.jpg,lexus,36,29,496,361
lexus-2\45.jpg,lexus,115,33,365,202
lexus-2\45.jpg,lexus,13,202,508,369
lexus-2\46.jpg,lexus,154,184,290,316
lexus-2\47.jpg,lexus,1,29,350,229
lexus-2\47.jpg,lexus,1,282,350,473
lexus-2\48.jpg,lexus,86,10,388,254
lexus-2\48.jpg,lexus,19,279,475,365
lexus-2\49.jpg,lexus,71,170,409,232
lexus-2\5.jpg,lexus,132,145,171,188
lexus-2\5.jpg,lexus,203,218,255,256
lexus-2\5.jpg,lexus,178,163,282,193
lexus-2\5.jpg,lexus,250,220,371,254
lexus-2\50.jpg,lexus,182,96,328,185
lexus-2\50.jpg,lexus,114,185,377,229
lexus-2\51.jpg,lexus,36,58,462,330
lexus-2\52.jpg,lexus,85,8,398,272
lexus-2\53.jpg,lexus,160,94,316,183
lexus-2\53.jpg,lexus,23,185,436,238
lexus-2\54.jpg,lexus,136,45,350,221
lexus-2\54.jpg,lexus,1,226,481,338
lexus-2\55.jpg,lexus,150,196,286,348
lexus-2\56.jpg,lexus,5,122,141,375
lexus-2\56.jpg,lexus,143,188,514,311
lexus-2\57.jpg,lexus,4,137,139,375
lexus-2\57.jpg,lexus,149,192,513,323
lexus-2\58.jpg,lexus,162,207,373,271
lexus-2\59.jpg,lexus,138,111,352,270
lexus-2\6.jpg,lexus,146,111,375,218
lexus-2\6.jpg,lexus,118,213,399,263
lexus-2\60.jpg,lexus,1,198,382,301
lexus-2\61.jpg,lexus,175,81,341,290
lexus-2\62.jpg,lexus,184,28,361,197
lexus-2\62.jpg,lexus,2,185,484,285
lexus-2\63.jpg,lexus,104,37,393,284
lexus-2\64.jpg,lexus,228,59,383,233
lexus-2\64.jpg,lexus,163,237,428,326
lexus-2\65.jpg,lexus,7,10,376,219
lexus-2\65.jpg,lexus,1,297,373,483
lexus-2\66.jpg,lexus,80,126,173,222
lexus-2\66.jpg,lexus,182,149,443,217
lexus-2\67.jpg,lexus,214,122,414,282
lexus-2\68.jpg,lexus,176,198,411,291
lexus-2\69.jpg,lexus,149,161,212,206
lexus-2\69.jpg,lexus,207,168,358,215
lexus-2\70.jpg,lexus,50,22,459,313
lexus-2\71.jpg,lexus,244,73,473,300
lexus-2\72.jpg,lexus,42,59,486,356
lexus-2\73.jpg,lexus,89,238,173,292
lexus-2\73.jpg,lexus,26,287,233,343
lexus-2\74.jpg,lexus,1,64,139,298
lexus-2\74.jpg,lexus,141,85,508,282
lexus-2\75.jpg,lexus,146,83,341,221
lexus-2\75.jpg,lexus,1,221,487,301
lexus-2\76.jpg,lexus,53,30,464,345
lexus-2\77.jpg,lexus,106,57,383,230
lexus-2\77.jpg,lexus,33,226,465,312
lexus-2\78.jpg,lexus,28,90,263,311
lexus-2\78.jpg,lexus,265,29,477,178
lexus-2\78.jpg,lexus,279,190,484,378
lexus-2\79.jpg,lexus,145,133,349,266
lexus-2\80.jpg,lexus,130,55,312,204
lexus-2\80.jpg,lexus,1,186,483,302
lexus-2\81.jpg,lexus,191,202,289,276
lexus-2\82.jpg,lexus,136,158,167,196
lexus-2\82.jpg,lexus,196,216,247,267
lexus-2\82.jpg,lexus,171,165,271,198
lexus-2\82.jpg,lexus,249,229,351,260
lexus-2\83.jpg,lexus,64,35,426,322
lexus-2\85.jpg,lexus,140,116,373,249
lexus-2\85.jpg,lexus,110,244,377,295
lexus-2\86.jpg,lexus,87,11,383,262
lexus-2\86.jpg,lexus,5,255,478,369
lexus-2\88.jpg,lexus,9,119,129,254
lexus-2\88.jpg,lexus,149,145,485,224
lexus-2\89.jpg,lexus,125,49,386,205
lexus-2\89.jpg,lexus,28,194,458,284
lexus-2\9.jpg,lexus,70,129,302,305
lexus-2\9.jpg,lexus,9,307,375,383
lexus-2\90.jpg,lexus,1,205,358,304
lexus-2\91.jpg,lexus,58,55,449,299
lexus-2\92.jpg,lexus,1,140,123,244
lexus-2\92.jpg,lexus,141,157,483,233
lexus-2\93.jpg,lexus,138,38,347,343
lexus-2\94.jpg,lexus,105,70,380,331
lexus-2\95.jpg,lexus,87,119,239,198
lexus-2\95.jpg,lexus,32,194,280,248
lexus-2\96.jpg,lexus,17,136,493,254
lexus-2\97.jpg,lexus,36,105,416,290
lexus-2\99.jpg,lexus,178,56,328,172
lexus-2\99.jpg,lexus,47,177,457,261
Logitech\13.jpg,Logitech,23,32,475,331
Logitech\20.jpg,Logitech,149,63,382,293
Logitech\21.jpg,Logitech,27,114,369,268
Logitech\24.jpg,Logitech,119,65,428,284
Logitech\27.jpg,Logitech,126,124,344,326
Logitech\79.jpg,Logitech,198,156,323,287
Logitech\80.jpg,Logitech,32,52,453,360
louis vuitton-1\1.jpg,louis vuitton,5,5,356,391
louis vuitton-1\1.jpg,louis vuitton,2,430,356,484
louis vuitton-1\10.jpg,louis vuitton,94,56,401,286
louis vuitton-1\10.jpg,louis vuitton,103,295,403,340
louis vuitton-1\100.jpg,louis vuitton,13,29,354,410
louis vuitton-1\101.jpg,louis vuitton,69,122,421,200
louis vuitton-1\102.jpg,louis vuitton,199,93,337,251
louis vuitton-1\102.jpg,louis vuitton,139,243,380,284
louis vuitton-1\103.jpg,louis vuitton,26,329,462,372
louis vuitton-1\106.jpg,louis vuitton,37,329,450,376
louis vuitton-1\109.jpg,louis vuitton,240,135,287,197
louis vuitton-1\11.jpg,louis vuitton,6,111,515,233
louis vuitton-1\110.jpg,louis vuitton,48,46,306,327
louis vuitton-1\110.jpg,louis vuitton,36,341,301,395
louis vuitton-1\112.jpg,louis vuitton,121,4,468,283
louis vuitton-1\112.jpg,louis vuitton,6,280,516,378
louis vuitton-1\113.jpg,louis vuitton,263,51,348,148
louis vuitton-1\115.jpg,louis vuitton,11,142,476,209
louis vuitton-1\117.jpg,louis vuitton,122,89,368,280
louis vuitton-1\119.jpg,louis vuitton,21,151,490,237
louis vuitton-1\12.jpg,louis vuitton,151,1,346,172
louis vuitton-1\121.jpg,louis vuitton,62,73,303,358
louis vuitton-1\121.jpg,louis vuitton,52,370,306,419
louis vuitton-1\122.jpg,louis vuitton,50,51,318,342
louis vuitton-1\122.jpg,louis vuitton,46,357,311,406
louis vuitton-1\125.jpg,louis vuitton,96,11,429,311
louis vuitton-1\125.jpg,louis vuitton,86,320,427,366
louis vuitton-1\126.jpg,louis vuitton,1,1,379,403
louis vuitton-1\126.jpg,louis vuitton,3,444,379,500
louis vuitton-1\127.jpg,louis vuitton,262,18,504,279
louis vuitton-1\127.jpg,louis vuitton,250,291,494,344
louis vuitton-1\129.jpg,louis vuitton,20,152,465,205
louis vuitton-1\13.jpg,louis vuitton,61,172,461,236
louis vuitton-1\131.jpg,louis vuitton,113,23,397,300
louis vuitton-1\131.jpg,louis vuitton,122,312,392,361
louis vuitton-1\132.jpg,louis vuitton,3,142,472,218
louis vuitton-1\133.jpg,louis vuitton,5,2,355,400
louis vuitton-1\133.jpg,louis vuitton,5,425,355,482
louis vuitton-1\134.jpg,louis vuitton,8,1,387,405
louis vuitton-1\134.jpg,louis vuitton,1,445,388,503
louis vuitton-1\135.jpg,louis vuitton,80,152,407,210
louis vuitton-1\136.jpg,louis vuitton,75,170,406,212
louis vuitton-1\14.jpg,louis vuitton,20,105,515,216
louis vuitton-1\15.jpg,louis vuitton,10,157,477,219
louis vuitton-1\16.jpg,louis vuitton,7,152,497,224
louis vuitton-1\18.jpg,louis vuitton,6,7,381,433
louis vuitton-1\18.jpg,louis vuitton,1,455,378,512
louis vuitton-1\19.jpg,louis vuitton,12,152,489,230
louis vuitton-1\2.jpg,louis vuitton,23,336,471,395
louis vuitton-1\20.jpg,louis vuitton,18,148,511,208
louis vuitton-1\21.jpg,louis vuitton,97,45,402,270
louis vuitton-1\21.jpg,louis vuitton,97,275,388,329
louis vuitton-1\22.jpg,louis vuitton,22,327,471,371
louis vuitton-1\23.jpg,louis vuitton,56,64,323,354
louis vuitton-1\23.jpg,louis vuitton,50,371,326,429
louis vuitton-1\24.jpg,louis vuitton,66,70,335,352
louis vuitton-1\24.jpg,louis vuitton,57,361,325,414
louis vuitton-1\25.jpg,louis vuitton,55,106,315,333
louis vuitton-1\25.jpg,louis vuitton,60,344,319,387
louis vuitton-1\26.jpg,louis vuitton,137,149,213,240
louis vuitton-1\26.jpg,louis vuitton,320,154,386,235
louis vuitton-1\28.jpg,louis vuitton,77,122,296,316
louis vuitton-1\28.jpg,louis vuitton,79,323,296,360
louis vuitton-1\29.jpg,louis vuitton,384,70,513,308
louis vuitton-1\29.jpg,louis vuitton,389,313,519,363
louis vuitton-1\3.jpg,louis vuitton,1,1,370,403
louis vuitton-1\3.jpg,louis vuitton,1,427,370,493
louis vuitton-1\31.jpg,louis vuitton,9,153,482,235
louis vuitton-1\34.jpg,louis vuitton,1,1,137,146
louis vuitton-1\34.jpg,louis vuitton,1,149,140,186
louis vuitton-1\38.jpg,louis vuitton,3,1,128,160
louis vuitton-1\38.jpg,louis vuitton,1,162,134,203
louis vuitton-1\4.jpg,louis vuitton,185,114,335,235
louis vuitton-1\40.jpg,louis vuitton,126,184,197,284
louis vuitton-1\40.jpg,louis vuitton,288,188,362,282
louis vuitton-1\41.jpg,louis vuitton,42,104,474,243
louis vuitton-1\42.jpg,louis vuitton,126,25,385,263
louis vuitton-1\42.jpg,louis vuitton,126,268,387,308
louis vuitton-1\43.jpg,louis vuitton,57,73,332,361
louis vuitton-1\43.jpg,louis vuitton,62,380,328,436
louis vuitton-1\44.jpg,louis vuitton,2,137,497,227
louis vuitton-1\45.jpg,louis vuitton,1,157,504,225
louis vuitton-1\46.jpg,louis vuitton,62,175,460,251
louis vuitton-1\47.jpg,louis vuitton,1,1,378,419
louis vuitton-1\47.jpg,louis vuitton,1,441,378,515
louis vuitton-1\5.jpg,louis vuitton,13,308,470,361
louis vuitton-1\50.jpg,louis vuitton,58,112,341,336
louis vuitton-1\50.jpg,louis vuitton,51,337,336,375
louis vuitton-1\51.jpg,louis vuitton,117,25,373,290
louis vuitton-1\51.jpg,louis vuitton,119,298,394,355
louis vuitton-1\52.jpg,louis vuitton,91,152,255,318
louis vuitton-1\52.jpg,louis vuitton,63,362,289,396
louis vuitton-1\54.jpg,louis vuitton,95,149,259,315
louis vuitton-1\54.jpg,louis vuitton,67,361,282,395
louis vuitton-1\55.jpg,louis vuitton,1,1,354,415
louis vuitton-1\55.jpg,louis vuitton,1,430,355,485
louis vuitton-1\56.jpg,louis vuitton,115,165,260,300
louis vuitton-1\56.jpg,louis vuitton,60,295,311,337
louis vuitton-1\57.jpg,louis vuitton,105,166,265,304
louis vuitton-1\57.jpg,louis vuitton,55,302,290,341
louis vuitton-1\59.jpg,louis vuitton,26,135,471,203
louis vuitton-1\6.jpg,louis vuitton,14,319,505,366
louis vuitton-1\60.jpg,louis vuitton,56,72,345,367
louis vuitton-1\60.jpg,louis vuitton,56,381,343,431
louis vuitton-1\61.jpg,louis vuitton,15,137,490,220
louis vuitton-1\63.jpg,louis vuitton,144,190,233,274
louis vuitton-1\66.jpg,louis vuitton,81,9,393,293
louis vuitton-1\66.jpg,louis vuitton,84,307,384,360
louis vuitton-1\67.jpg,louis vuitton,193,59,338,223
louis vuitton-1\68.jpg,louis vuitton,135,77,335,308
louis vuitton-1\69.jpg,louis vuitton,138,99,391,282
louis vuitton-1\7.jpg,louis vuitton,40,287,460,349
louis vuitton-1\71.jpg,louis vuitton,4,289,340,348
louis vuitton-1\71.jpg,louis vuitton,48,32,261,267
louis vuitton-1\72.jpg,louis vuitton,163,187,250,272
louis vuitton-1\75.jpg,louis vuitton,75,49,434,358
louis vuitton-1\77.jpg,louis vuitton,101,35,422,280
louis vuitton-1\77.jpg,louis vuitton,4,269,500,344
louis vuitton-1\78.jpg,louis vuitton,1,1,354,374
louis vuitton-1\79.jpg,louis vuitton,159,189,230,294
louis vuitton-1\79.jpg,louis vuitton,19,433,75,480
louis vuitton-1\8.jpg,louis vuitton,40,328,505,380
louis vuitton-1\82.jpg,louis vuitton,66,37,293,290
louis vuitton-1\82.jpg,louis vuitton,10,315,381,373
louis vuitton-1\83.jpg,louis vuitton,150,137,247,221
louis vuitton-1\84.jpg,louis vuitton,1,3,392,402
louis vuitton-1\84.jpg,louis vuitton,1,426,392,491
louis vuitton-1\86.jpg,louis vuitton,202,120,304,223
louis vuitton-1\87.jpg,louis vuitton,108,131,283,310
louis vuitton-1\87.jpg,louis vuitton,53,301,322,354
louis vuitton-1\89.jpg,louis vuitton,88,141,299,337
louis vuitton-1\89.jpg,louis vuitton,83,344,309,384
louis vuitton-1\9.jpg,louis vuitton,16,157,497,236
louis vuitton-1\90.jpg,louis vuitton,84,8,397,350
louis vuitton-1\92.jpg,louis vuitton,12,2,345,407
louis vuitton-1\92.jpg,louis vuitton,2,434,352,478
louis vuitton-1\93.jpg,louis vuitton,27,149,488,201
louis vuitton-1\94.jpg,louis vuitton,28,299,464,351
louis vuitton-1\96.jpg,louis vuitton,16,8,492,360
louis vuitton-1\97.jpg,louis vuitton,206,182,306,262
louis vuitton-1\99.jpg,louis vuitton,180,39,324,195
louis vuitton-2\1.jpg,louis vuitton,5,5,356,391
louis vuitton-2\1.jpg,louis vuitton,2,430,356,484
louis vuitton-2\10.jpg,louis vuitton,94,56,401,286
louis vuitton-2\10.jpg,louis vuitton,103,295,403,340
louis vuitton-2\100.jpg,louis vuitton,13,29,354,410
louis vuitton-2\101.jpg,louis vuitton,69,122,421,200
louis vuitton-2\102.jpg,louis vuitton,199,93,337,251
louis vuitton-2\102.jpg,louis vuitton,139,243,380,284
louis vuitton-2\103.jpg,louis vuitton,26,329,462,372
louis vuitton-2\106.jpg,louis vuitton,37,329,450,376
louis vuitton-2\109.jpg,louis vuitton,240,135,287,197
louis vuitton-2\11.jpg,louis vuitton,6,111,515,233
louis vuitton-2\110.jpg,louis vuitton,48,46,306,327
louis vuitton-2\110.jpg,louis vuitton,36,341,301,395
louis vuitton-2\112.jpg,louis vuitton,121,4,468,283
louis vuitton-2\112.jpg,louis vuitton,6,280,516,378
louis vuitton-2\113.jpg,louis vuitton,263,51,348,148
louis vuitton-2\115.jpg,louis vuitton,11,142,476,209
louis vuitton-2\117.jpg,louis vuitton,122,89,368,280
louis vuitton-2\119.jpg,louis vuitton,21,151,490,237
louis vuitton-2\12.jpg,louis vuitton,151,1,346,172
louis vuitton-2\121.jpg,louis vuitton,62,73,303,358
louis vuitton-2\121.jpg,louis vuitton,52,370,306,419
louis vuitton-2\122.jpg,louis vuitton,50,51,318,342
louis vuitton-2\122.jpg,louis vuitton,46,357,311,406
louis vuitton-2\125.jpg,louis vuitton,96,11,429,311
louis vuitton-2\125.jpg,louis vuitton,86,320,427,366
louis vuitton-2\126.jpg,louis vuitton,1,1,379,403
louis vuitton-2\126.jpg,louis vuitton,3,444,379,500
louis vuitton-2\127.jpg,louis vuitton,262,18,504,279
louis vuitton-2\127.jpg,louis vuitton,250,291,494,344
louis vuitton-2\129.jpg,louis vuitton,20,152,465,205
louis vuitton-2\13.jpg,louis vuitton,61,172,461,236
louis vuitton-2\131.jpg,louis vuitton,113,23,397,300
louis vuitton-2\131.jpg,louis vuitton,122,312,392,361
louis vuitton-2\132.jpg,louis vuitton,3,142,472,218
louis vuitton-2\133.jpg,louis vuitton,5,2,355,400
louis vuitton-2\133.jpg,louis vuitton,5,425,355,482
louis vuitton-2\134.jpg,louis vuitton,8,1,387,405
louis vuitton-2\134.jpg,louis vuitton,1,445,388,503
louis vuitton-2\135.jpg,louis vuitton,80,152,407,210
louis vuitton-2\136.jpg,louis vuitton,75,170,406,212
louis vuitton-2\14.jpg,louis vuitton,20,105,515,216
louis vuitton-2\15.jpg,louis vuitton,10,157,477,219
louis vuitton-2\16.jpg,louis vuitton,7,152,497,224
louis vuitton-2\18.jpg,louis vuitton,6,7,381,433
louis vuitton-2\18.jpg,louis vuitton,1,455,378,512
louis vuitton-2\19.jpg,louis vuitton,12,152,489,230
louis vuitton-2\2.jpg,louis vuitton,23,336,471,395
louis vuitton-2\20.jpg,louis vuitton,18,148,511,208
louis vuitton-2\21.jpg,louis vuitton,97,45,402,270
louis vuitton-2\21.jpg,louis vuitton,97,275,388,329
louis vuitton-2\22.jpg,louis vuitton,22,327,471,371
louis vuitton-2\23.jpg,louis vuitton,56,64,323,354
louis vuitton-2\23.jpg,louis vuitton,50,371,326,429
louis vuitton-2\24.jpg,louis vuitton,66,70,335,352
louis vuitton-2\24.jpg,louis vuitton,57,361,325,414
louis vuitton-2\25.jpg,louis vuitton,55,106,315,333
louis vuitton-2\25.jpg,louis vuitton,60,344,319,387
louis vuitton-2\26.jpg,louis vuitton,137,149,213,240
louis vuitton-2\26.jpg,louis vuitton,320,154,386,235
louis vuitton-2\28.jpg,louis vuitton,77,122,296,316
louis vuitton-2\28.jpg,louis vuitton,79,323,296,360
louis vuitton-2\29.jpg,louis vuitton,384,70,513,308
louis vuitton-2\29.jpg,louis vuitton,389,313,519,363
louis vuitton-2\3.jpg,louis vuitton,1,1,370,403
louis vuitton-2\3.jpg,louis vuitton,1,427,370,493
louis vuitton-2\31.jpg,louis vuitton,9,153,482,235
louis vuitton-2\34.jpg,louis vuitton,1,1,137,146
louis vuitton-2\34.jpg,louis vuitton,1,149,140,186
louis vuitton-2\38.jpg,louis vuitton,3,1,128,160
louis vuitton-2\38.jpg,louis vuitton,1,162,134,203
louis vuitton-2\4.jpg,louis vuitton,185,114,335,235
louis vuitton-2\40.jpg,louis vuitton,126,184,197,284
louis vuitton-2\40.jpg,louis vuitton,288,188,362,282
louis vuitton-2\41.jpg,louis vuitton,42,104,474,243
louis vuitton-2\42.jpg,louis vuitton,126,25,385,263
louis vuitton-2\42.jpg,louis vuitton,126,268,387,308
louis vuitton-2\43.jpg,louis vuitton,57,73,332,361
louis vuitton-2\43.jpg,louis vuitton,62,380,328,436
louis vuitton-2\44.jpg,louis vuitton,2,137,497,227
louis vuitton-2\45.jpg,louis vuitton,1,157,504,225
louis vuitton-2\46.jpg,louis vuitton,62,175,460,251
louis vuitton-2\47.jpg,louis vuitton,1,1,378,419
louis vuitton-2\47.jpg,louis vuitton,1,441,378,515
louis vuitton-2\5.jpg,louis vuitton,13,308,470,361
louis vuitton-2\50.jpg,louis vuitton,58,112,341,336
louis vuitton-2\50.jpg,louis vuitton,51,337,336,375
louis vuitton-2\51.jpg,louis vuitton,117,25,373,290
louis vuitton-2\51.jpg,louis vuitton,119,298,394,355
louis vuitton-2\52.jpg,louis vuitton,91,152,255,318
louis vuitton-2\52.jpg,louis vuitton,63,362,289,396
louis vuitton-2\54.jpg,louis vuitton,95,149,259,315
louis vuitton-2\54.jpg,louis vuitton,67,361,282,395
louis vuitton-2\55.jpg,louis vuitton,1,1,354,415
louis vuitton-2\55.jpg,louis vuitton,1,430,355,485
louis vuitton-2\56.jpg,louis vuitton,115,165,260,300
louis vuitton-2\56.jpg,louis vuitton,60,295,311,337
louis vuitton-2\57.jpg,louis vuitton,105,166,265,304
louis vuitton-2\57.jpg,louis vuitton,55,302,290,341
louis vuitton-2\59.jpg,louis vuitton,26,135,471,203
louis vuitton-2\6.jpg,louis vuitton,14,319,505,366
louis vuitton-2\60.jpg,louis vuitton,56,72,345,367
louis vuitton-2\60.jpg,louis vuitton,56,381,343,431
louis vuitton-2\61.jpg,louis vuitton,15,137,490,220
louis vuitton-2\63.jpg,louis vuitton,144,190,233,274
louis vuitton-2\66.jpg,louis vuitton,81,9,393,293
louis vuitton-2\66.jpg,louis vuitton,84,307,384,360
louis vuitton-2\67.jpg,louis vuitton,193,59,338,223
louis vuitton-2\68.jpg,louis vuitton,135,77,335,308
louis vuitton-2\69.jpg,louis vuitton,138,99,391,282
louis vuitton-2\7.jpg,louis vuitton,40,287,460,349
louis vuitton-2\71.jpg,louis vuitton,4,289,340,348
louis vuitton-2\71.jpg,louis vuitton,48,32,261,267
louis vuitton-2\72.jpg,louis vuitton,163,187,250,272
louis vuitton-2\75.jpg,louis vuitton,75,49,434,358
louis vuitton-2\77.jpg,louis vuitton,101,35,422,280
louis vuitton-2\77.jpg,louis vuitton,4,269,500,344
louis vuitton-2\78.jpg,louis vuitton,1,1,354,374
louis vuitton-2\79.jpg,louis vuitton,159,189,230,294
louis vuitton-2\79.jpg,louis vuitton,19,433,75,480
louis vuitton-2\8.jpg,louis vuitton,40,328,505,380
louis vuitton-2\82.jpg,louis vuitton,66,37,293,290
louis vuitton-2\82.jpg,louis vuitton,10,315,381,373
louis vuitton-2\83.jpg,louis vuitton,150,137,247,221
louis vuitton-2\84.jpg,louis vuitton,1,3,392,402
louis vuitton-2\84.jpg,louis vuitton,1,426,392,491
louis vuitton-2\86.jpg,louis vuitton,202,120,304,223
louis vuitton-2\87.jpg,louis vuitton,108,131,283,310
louis vuitton-2\87.jpg,louis vuitton,53,301,322,354
louis vuitton-2\89.jpg,louis vuitton,88,141,299,337
louis vuitton-2\89.jpg,louis vuitton,83,344,309,384
louis vuitton-2\9.jpg,louis vuitton,16,157,497,236
louis vuitton-2\90.jpg,louis vuitton,84,8,397,350
louis vuitton-2\92.jpg,louis vuitton,12,2,345,407
louis vuitton-2\92.jpg,louis vuitton,2,434,352,478
louis vuitton-2\93.jpg,louis vuitton,27,149,488,201
louis vuitton-2\94.jpg,louis vuitton,28,299,464,351
louis vuitton-2\96.jpg,louis vuitton,16,8,492,360
louis vuitton-2\97.jpg,louis vuitton,206,182,306,262
louis vuitton-2\99.jpg,louis vuitton,180,39,324,195
McDonald's\0.jpg,McDonald's,82,1,487,274
McDonald's\1.jpg,McDonald's,30,18,472,284
McDonald's\11.jpg,McDonald's,27,19,399,347
McDonald's\12.jpg,McDonald's,99,20,421,366
McDonald's\14.jpg,McDonald's,28,85,371,287
McDonald's\15.jpg,McDonald's,18,26,426,348
McDonald's\16.jpg,McDonald's,38,3,361,336
McDonald's\18.jpg,McDonald's,60,71,428,295
McDonald's\19.jpg,McDonald's,132,57,367,273
McDonald's\2.jpg,McDonald's,24,37,462,337
McDonald's\20.jpg,McDonald's,77,69,418,311
McDonald's\21.jpg,McDonald's,107,10,501,293
McDonald's\23.jpg,McDonald's,31,3,460,285
McDonald's\24.jpg,McDonald's,27,62,239,325
McDonald's\24.jpg,McDonald's,275,80,451,301
McDonald's\25.jpg,McDonald's,66,62,453,285
McDonald's\26.jpg,McDonald's,22,23,483,325
McDonald's\27.jpg,McDonald's,98,19,419,247
McDonald's\28.jpg,McDonald's,1,1,489,326
McDonald's\29.jpg,McDonald's,156,35,453,262
McDonald's\3.jpg,McDonald's,79,96,360,297
McDonald's\30.jpg,McDonald's,29,1,464,353
McDonald's\31.jpg,McDonald's,22,10,436,267
McDonald's\32.jpg,McDonald's,13,1,459,311
McDonald's\34.jpg,McDonald's,15,18,487,335
McDonald's\35.jpg,McDonald's,87,66,396,244
McDonald's\36.jpg,McDonald's,16,1,464,298
McDonald's\37.jpg,McDonald's,96,186,290,303
McDonald's\38.jpg,McDonald's,1,1,504,289
McDonald's\39.jpg,McDonald's,54,12,466,303
McDonald's\41.jpg,McDonald's,18,21,144,127
McDonald's\41.jpg,McDonald's,182,16,302,137
McDonald's\41.jpg,McDonald's,330,26,457,142
McDonald's\41.jpg,McDonald's,13,204,164,308
McDonald's\41.jpg,McDonald's,167,195,315,316
McDonald's\41.jpg,McDonald's,331,204,464,301
McDonald's\42.jpg,McDonald's,17,32,240,289
McDonald's\42.jpg,McDonald's,268,42,484,288
McDonald's\43.jpg,McDonald's,142,47,341,313
McDonald's\45.jpg,McDonald's,30,1,511,356
McDonald's\46.jpg,McDonald's,41,26,447,268
McDonald's\47.jpg,McDonald's,199,50,355,335
McDonald's\47.jpg,McDonald's,381,47,511,271
McDonald's\47.jpg,McDonald's,28,74,175,310
McDonald's\48.jpg,McDonald's,20,23,237,332
McDonald's\48.jpg,McDonald's,306,48,506,342
McDonald's\5.jpg,McDonald's,152,38,373,251
McDonald's\50.jpg,McDonald's,175,44,341,192
McDonald's\51.jpg,McDonald's,17,15,335,97
McDonald's\52.jpg,McDonald's,19,80,380,326
McDonald's\52.jpg,McDonald's,40,292,359,402
McDonald's\53.jpg,McDonald's,1,1,514,282
McDonald's\55.jpg,McDonald's,73,37,489,328
McDonald's\57.jpg,McDonald's,255,36,517,368
McDonald's\59.jpg,McDonald's,110,1,493,309
McDonald's\6.jpg,McDonald's,43,25,331,320
McDonald's\60.jpg,McDonald's,38,1,497,328
McDonald's\61.jpg,McDonald's,91,78,441,312
McDonald's\62.jpg,McDonald's,19,83,182,294
McDonald's\62.jpg,McDonald's,188,127,488,207
McDonald's\63.jpg,McDonald's,37,33,471,301
McDonald's\64.jpg,McDonald's,73,1,433,281
McDonald's\64.jpg,McDonald's,69,262,413,346
McDonald's\65.jpg,McDonald's,37,1,451,267
McDonald's\65.jpg,McDonald's,27,252,455,321
McDonald's\67.jpg,McDonald's,39,26,457,226
McDonald's\68.jpg,McDonald's,92,1,509,356
McDonald's\69.jpg,McDonald's,28,11,449,253
McDonald's\70.jpg,McDonald's,37,1,491,279
McDonald's\71.jpg,McDonald's,98,1,472,250
McDonald's\72.jpg,McDonald's,1,212,215,398
McDonald's\72.jpg,McDonald's,261,1,506,184
McDonald's\73.jpg,McDonald's,107,1,396,341
McDonald's\74.jpg,McDonald's,321,23,452,207
McDonald's\77.jpg,McDonald's,85,30,416,243
McDonald's\79.jpg,McDonald's,276,56,483,312
McDonald's\8.jpg,McDonald's,34,36,502,349
McDonald's\80.jpg,McDonald's,154,191,356,340
McDonald's\83.jpg,McDonald's,39,1,472,248
McDonald's\84.jpg,McDonald's,193,108,335,214
McDonald's\85.jpg,McDonald's,53,49,349,300
McDonald's\86.jpg,McDonald's,79,1,436,344
McDonald's\87.jpg,McDonald's,1,15,478,355
McDonald's\88.jpg,McDonald's,73,1,496,239
McDonald's\89.jpg,McDonald's,276,57,349,132
McDonald's\9.jpg,McDonald's,139,57,367,287
McDonald's\90.jpg,McDonald's,182,44,299,159
McDonald's\91.jpg,McDonald's,69,56,184,293
McDonald's\91.jpg,McDonald's,305,71,424,290
McDonald's\92.jpg,McDonald's,39,1,467,347
McDonald's\93.jpg,McDonald's,1,1,468,310
McDonald's\94.jpg,McDonald's,53,1,316,153
McDonald's\94.jpg,McDonald's,1,122,354,318
McDonald's\95.jpg,McDonald's,143,132,343,284
mcdonalds\0.jpg,McDonald's,41,44,476,294
mcdonalds\1.jpg,McDonald's,7,259,65,328
mcdonalds\1.jpg,McDonald's,76,265,143,321
mcdonalds\1.jpg,McDonald's,11,330,77,388
mcdonalds\1.jpg,McDonald's,79,341,144,391
mcdonalds\10.jpg,McDonald's,70,112,445,274
mcdonalds\11.jpg,McDonald's,32,1,463,268
mcdonalds\12.jpg,McDonald's,74,54,422,341
mcdonalds\13.jpg,McDonald's,1,136,101,218
mcdonalds\13.jpg,McDonald's,108,115,166,167
mcdonalds\13.jpg,McDonald's,168,133,259,200
mcdonalds\13.jpg,McDonald's,231,236,345,298
mcdonalds\13.jpg,McDonald's,122,3,224,78
mcdonalds\13.jpg,McDonald's,237,12,336,81
mcdonalds\13.jpg,McDonald's,13,13,125,76
mcdonalds\14.jpg,McDonald's,142,73,351,300
mcdonalds\16.jpg,McDonald's,15,37,167,310
mcdonalds\16.jpg,McDonald's,182,31,348,351
mcdonalds\16.jpg,McDonald's,357,15,484,272
mcdonalds\17.jpg,McDonald's,29,8,158,238
mcdonalds\17.jpg,McDonald's,165,15,315,255
mcdonalds\17.jpg,McDonald's,320,1,480,245
mcdonalds\18.jpg,McDonald's,217,1,430,266
mcdonalds\19.jpg,McDonald's,214,205,349,328
mcdonalds\19.jpg,McDonald's,299,13,445,145
mcdonalds\19.jpg,McDonald's,389,212,482,280
mcdonalds\2.jpg,McDonald's,171,241,228,310
mcdonalds\20.jpg,McDonald's,11,147,93,208
mcdonalds\20.jpg,McDonald's,19,73,86,133
mcdonalds\20.jpg,McDonald's,30,11,106,60
mcdonalds\20.jpg,McDonald's,104,70,170,132
mcdonalds\20.jpg,McDonald's,128,358,284,486
mcdonalds\21.jpg,McDonald's,5,231,70,290
mcdonalds\21.jpg,McDonald's,76,229,147,293
mcdonalds\22.jpg,McDonald's,35,21,356,389
mcdonalds\23.jpg,McDonald's,19,35,483,337
mcdonalds\24.jpg,McDonald's,61,84,174,184
mcdonalds\24.jpg,McDonald's,90,213,158,281
mcdonalds\24.jpg,McDonald's,210,220,269,281
mcdonalds\25.jpg,McDonald's,94,57,411,236
mcdonalds\27.jpg,McDonald's,7,1,506,337
mcdonalds\28.jpg,McDonald's,37,68,355,391
mcdonalds\29.jpg,McDonald's,35,31,338,320
mcdonalds\3.jpg,McDonald's,67,58,444,339
mcdonalds\30.jpg,McDonald's,1,1,492,293
mcdonalds\31.jpg,McDonald's,219,98,262,132
mcdonalds\32.jpg,McDonald's,123,76,298,281
mcdonalds\33.jpg,McDonald's,139,21,410,295
mcdonalds\35.jpg,McDonald's,58,57,436,303
mcdonalds\36.jpg,McDonald's,20,1,495,286
mcdonalds\37.jpg,McDonald's,55,36,345,293
mcdonalds\38.jpg,McDonald's,76,55,430,342
mcdonalds\39.jpg,McDonald's,27,115,121,207
mcdonalds\4.jpg,McDonald's,27,124,107,192
mcdonalds\4.jpg,McDonald's,158,113,266,219
mcdonalds\4.jpg,McDonald's,171,242,274,325
mcdonalds\4.jpg,McDonald's,27,220,116,311
mcdonalds\4.jpg,McDonald's,183,1,285,68
mcdonalds\4.jpg,McDonald's,15,319,121,416
mcdonalds\40.jpg,McDonald's,52,6,314,147
mcdonalds\40.jpg,McDonald's,27,152,334,307
mcdonalds\41.jpg,McDonald's,50,1,438,255
mcdonalds\43.jpg,McDonald's,71,35,148,149
mcdonalds\43.jpg,McDonald's,193,63,230,142
mcdonalds\43.jpg,McDonald's,293,244,375,388
mcdonalds\43.jpg,McDonald's,383,229,478,388
mcdonalds\44.jpg,McDonald's,42,3,363,352
mcdonalds\45.jpg,McDonald's,82,34,417,280
mcdonalds\46.jpg,McDonald's,202,179,310,257
mcdonalds\46.jpg,McDonald's,205,286,336,370
mcdonalds\46.jpg,McDonald's,178,3,270,75
mcdonalds\46.jpg,McDonald's,181,89,298,169
mcdonalds\47.jpg,McDonald's,57,11,482,290
mcdonalds\48.jpg,McDonald's,41,89,189,242
mcdonalds\49.jpg,McDonald's,316,24,452,184
mcdonalds\5.jpg,McDonald's,115,106,385,277
mcdonalds\50.jpg,McDonald's,129,341,222,392
mcdonalds\50.jpg,McDonald's,253,368,363,454
mcdonalds\51.jpg,McDonald's,71,225,475,295
mcdonalds\52.jpg,McDonald's,139,35,379,274
mcdonalds\53.jpg,McDonald's,159,34,348,328
mcdonalds\54.jpg,McDonald's,26,1,475,289
mcdonalds\55.jpg,McDonald's,41,24,460,264
mcdonalds\56.jpg,McDonald's,15,19,426,375
mcdonalds\57.jpg,McDonald's,32,29,131,132
mcdonalds\58.jpg,McDonald's,279,137,328,188
mcdonalds\59.jpg,McDonald's,24,45,467,366
mcdonalds\6.jpg,McDonald's,42,1,492,278
mcdonalds\60.jpg,McDonald's,89,35,407,255
mcdonalds\61.jpg,McDonald's,119,93,412,302
mcdonalds\62.jpg,McDonald's,98,1,516,303
mcdonalds\64.jpg,McDonald's,50,1,454,291
mcdonalds\67.jpg,McDonald's,108,17,421,305
mcdonalds\69.jpg,McDonald's,138,69,405,246
mcdonalds\7.jpg,McDonald's,168,1,336,137
mcdonalds\7.jpg,McDonald's,48,178,194,300
mcdonalds\7.jpg,McDonald's,290,200,397,301
mcdonalds\7.jpg,McDonald's,231,343,282,391
mcdonalds\70.jpg,McDonald's,1,4,487,346
mcdonalds\71.jpg,McDonald's,83,95,369,308
mcdonalds\72.jpg,McDonald's,214,55,296,114
mcdonalds\73.jpg,McDonald's,115,89,394,234
mcdonalds\75.jpg,McDonald's,28,12,461,363
mcdonalds\78.jpg,McDonald's,38,1,502,305
mcdonalds\79.jpg,McDonald's,51,48,187,198
mcdonalds\8.jpg,McDonald's,302,27,493,260
mcdonalds\80.jpg,McDonald's,89,111,130,149
mcdonalds\80.jpg,McDonald's,95,169,140,214
mcdonalds\80.jpg,McDonald's,84,240,130,283
mcdonalds\80.jpg,McDonald's,83,305,127,349
mcdonalds\81.jpg,McDonald's,51,152,168,228
mcdonalds\83.jpg,McDonald's,60,178,324,365
mcdonalds\84.jpg,McDonald's,37,57,494,336
mcdonalds\86.jpg,McDonald's,179,319,363,436
mcdonalds\88.jpg,McDonald's,29,35,372,330
mcdonalds\89.jpg,McDonald's,111,55,462,317
mcdonalds\90.jpg,McDonald's,179,133,212,168
mcdonalds\91.jpg,McDonald's,41,208,80,240
mcdonalds\91.jpg,McDonald's,160,248,201,281
mcdonalds\91.jpg,McDonald's,147,1,393,151
mcdonalds\92.jpg,McDonald's,143,140,167,171
mcdonalds\92.jpg,McDonald's,219,162,248,190
mcdonalds\92.jpg,McDonald's,206,1,378,109
mcdonalds\93.jpg,McDonald's,144,282,194,332
mcdonalds\94.jpg,McDonald's,45,103,207,246
mcdonalds\95.jpg,McDonald's,60,1,472,318
nestle\10.jpg,nestle,9,201,472,340
nestle\101.jpg,nestle,6,319,327,430
nestle\102.jpg,nestle,148,215,386,291
nestle\11.jpg,nestle,13,384,346,512
nestle\112.jpg,nestle,79,110,391,221
nestle\113.jpg,nestle,232,246,416,285
nestle\114.jpg,nestle,210,75,468,206
nestle\12.jpg,nestle,14,368,339,490
nestle\123.jpg,nestle,186,143,327,174
nestle\124.jpg,nestle,44,80,488,168
nestle\125.jpg,nestle,122,169,380,226
nestle\126.jpg,nestle,226,133,474,181
nestle\127.jpg,nestle,141,248,360,307
nestle\128.jpg,nestle,104,204,439,289
nestle\129.jpg,nestle,113,102,339,151
nestle\13.jpg,nestle,117,163,232,193
nestle\130.jpg,nestle,35,338,340,435
nestle\131.jpg,nestle,221,129,492,183
nestle\132.jpg,nestle,4,141,459,230
nestle\133.jpg,nestle,37,303,204,340
nestle\133.jpg,nestle,23,18,78,40
nestle\134.jpg,nestle,64,157,412,249
nestle\135.jpg,nestle,74,173,426,248
nestle\136.jpg,nestle,92,282,231,312
nestle\136.jpg,nestle,279,313,371,344
nestle\137.jpg,nestle,40,128,431,211
nestle\138.jpg,nestle,94,162,402,230
nestle\139.jpg,nestle,95,163,400,227
nestle\140.jpg,nestle,130,298,367,367
nestle\141.jpg,nestle,195,136,342,167
nestle\142.jpg,nestle,136,109,259,146
nestle\142.jpg,nestle,52,397,176,421
nestle\142.jpg,nestle,221,421,300,445
nestle\142.jpg,nestle,252,256,370,280
nestle\143.jpg,nestle,65,208,283,295
nestle\144.jpg,nestle,162,171,477,238
nestle\145.jpg,nestle,35,263,487,346
nestle\146.jpg,nestle,121,103,349,151
nestle\147.jpg,nestle,177,73,458,201
nestle\148.jpg,nestle,156,218,336,271
nestle\149.jpg,nestle,1,229,517,349
nestle\151.jpg,nestle,11,210,471,361
nestle\152.jpg,nestle,74,108,392,220
nestle\153.jpg,nestle,220,118,441,180
nestle\155.jpg,nestle,63,73,423,235
nestle\156.jpg,nestle,122,87,365,225
nestle\157.jpg,nestle,68,196,287,282
nestle\158.jpg,nestle,186,225,330,269
nestle\159.jpg,nestle,126,156,390,210
nestle\16.jpg,nestle,124,89,363,229
nestle\160.jpg,nestle,221,146,460,198
nestle\161.jpg,nestle,143,228,375,287
nestle\162.jpg,nestle,33,344,323,445
nestle\163.jpg,nestle,87,190,214,213
nestle\163.jpg,nestle,263,187,379,213
nestle\163.jpg,nestle,113,328,186,352
nestle\163.jpg,nestle,284,325,363,351
nestle\164.jpg,nestle,50,81,314,179
nestle\165.jpg,nestle,138,227,355,285
nestle\166.jpg,nestle,225,131,502,186
nestle\167.jpg,nestle,41,284,210,320
nestle\168.jpg,nestle,66,169,424,265
nestle\169.jpg,nestle,120,157,364,241
nestle\170.jpg,nestle,55,80,334,177
nestle\171.jpg,nestle,76,164,434,237
nestle\172.jpg,nestle,56,83,344,180
nestle\173.jpg,nestle,318,109,453,135
nestle\173.jpg,nestle,93,278,236,308
nestle\173.jpg,nestle,283,307,377,338
nestle\174.jpg,nestle,101,151,411,209
nestle\175.jpg,nestle,118,103,349,154
nestle\177.jpg,nestle,130,296,371,370
nestle\178.jpg,nestle,70,263,441,356
nestle\179.jpg,nestle,42,146,442,235
nestle\180.jpg,nestle,197,126,344,156
nestle\181.jpg,nestle,126,117,237,156
nestle\181.jpg,nestle,48,421,163,446
nestle\181.jpg,nestle,232,273,342,297
nestle\181.jpg,nestle,202,446,276,472
nestle\182.jpg,nestle,167,175,480,244
nestle\183.jpg,nestle,123,97,359,147
nestle\184.jpg,nestle,93,204,409,287
nestle\185.jpg,nestle,153,226,329,283
nestle\186.jpg,nestle,65,84,266,218
nestle\187.jpg,nestle,61,28,268,158
nestle\188.jpg,nestle,60,76,408,252
nestle\189.jpg,nestle,38,143,434,230
nestle\19.jpg,nestle,1,220,486,386
nestle\190.jpg,nestle,3,261,493,395
nestle\198.jpg,nestle,266,122,390,159
nestle\199.jpg,nestle,21,293,509,393
nestle\2.jpg,nestle,132,57,244,84
nestle\2.jpg,nestle,23,239,102,268
nestle\2.jpg,nestle,147,232,229,267
nestle\2.jpg,nestle,254,60,371,85
nestle\2.jpg,nestle,271,234,349,268
nestle\2.jpg,nestle,259,403,343,435
nestle\200.jpg,nestle,175,89,337,131
nestle\201.jpg,nestle,19,296,470,399
nestle\205.jpg,nestle,112,227,393,307
nestle\206.jpg,nestle,111,202,401,275
nestle\207.jpg,nestle,143,225,370,286
nestle\208.jpg,nestle,179,230,316,274
nestle\21.jpg,nestle,223,81,439,183
nestle\22.jpg,nestle,150,48,467,241
nestle\24.jpg,nestle,87,69,408,231
nestle\26.jpg,nestle,146,251,336,323
nestle\27.jpg,nestle,76,205,168,239
nestle\28.jpg,nestle,210,76,481,212
nestle\30.jpg,nestle,231,97,505,230
nestle\31.jpg,nestle,55,92,465,253
nestle\32.jpg,nestle,76,100,434,217
nestle\33.jpg,nestle,39,90,450,274
nestle\34.jpg,nestle,0,254,138,345
nestle\35.jpg,nestle,229,122,463,185
nestle\37.jpg,nestle,57,93,457,255
nestle\38.jpg,nestle,193,209,292,247
nestle\39.jpg,nestle,138,207,357,281
nestle\40.jpg,nestle,208,57,481,193
nestle\42.jpg,nestle,212,72,473,202
nestle\48.jpg,nestle,196,106,431,211
nestle\50.jpg,nestle,1,198,472,352
nestle\52.jpg,nestle,26,37,173,97
nestle\53.jpg,nestle,159,270,364,349
nestle\55.jpg,nestle,218,71,494,199
nestle\56.jpg,nestle,220,93,489,224
nestle\57.jpg,nestle,66,88,316,253
nestle\58.jpg,nestle,76,108,433,234
nestle\59.jpg,nestle,33,89,436,283
nestle\60.jpg,nestle,1,273,140,365
nestle\61.jpg,nestle,196,106,435,208
nestle\63.jpg,nestle,122,233,371,349
nestle\64.jpg,nestle,187,213,288,254
nestle\65.jpg,nestle,213,63,495,208
nestle\66.jpg,nestle,219,95,505,317
nestle\67.jpg,nestle,130,313,334,390
nestle\68.jpg,nestle,180,206,317,248
nestle\69.jpg,nestle,57,76,443,235
nestle\70.jpg,nestle,114,105,469,228
nestle\79.jpg,nestle,229,137,473,185
nestle\9.jpg,nestle,124,154,382,232
nestle\90.jpg,nestle,183,180,449,235
nestle\91.jpg,nestle,236,178,290,221
new balance-1\1.jpg,new balance,93,93,418,220
new balance-1\1.jpg,new balance,33,230,465,271
new balance-1\10.jpg,new balance,65,240,462,308
new balance-1\10.jpg,new balance,118,54,422,231
new balance-1\100.jpg,new balance,117,95,420,221
new balance-1\100.jpg,new balance,60,230,459,276
new balance-1\101.jpg,new balance,52,240,203,318
new balance-1\102.jpg,new balance,52,265,199,342
new balance-1\103.jpg,new balance,117,73,374,218
new balance-1\103.jpg,new balance,40,221,460,274
new balance-1\104.jpg,new balance,64,231,464,276
new balance-1\104.jpg,new balance,114,102,421,220
new balance-1\105.jpg,new balance,126,83,394,239
new balance-1\105.jpg,new balance,37,252,484,305
new balance-1\106.jpg,new balance,44,174,456,227
new balance-1\106.jpg,new balance,97,25,407,167
new balance-1\107.jpg,new balance,104,34,416,175
new balance-1\107.jpg,new balance,42,187,463,239
new balance-1\108.jpg,new balance,131,280,292,303
new balance-1\108.jpg,new balance,303,253,405,304
new balance-1\109.jpg,new balance,283,247,385,297
new balance-1\109.jpg,new balance,121,273,274,297
new balance-1\11.jpg,new balance,359,111,488,258
new balance-1\11.jpg,new balance,30,160,350,252
new balance-1\110.jpg,new balance,73,44,436,259
new balance-1\110.jpg,new balance,7,264,490,347
new balance-1\111.jpg,new balance,27,164,359,208
new balance-1\111.jpg,new balance,370,142,496,208
new balance-1\112.jpg,new balance,351,156,473,220
new balance-1\112.jpg,new balance,25,174,345,220
new balance-1\113.jpg,new balance,61,189,434,250
new balance-1\113.jpg,new balance,147,49,343,162
new balance-1\114.jpg,new balance,119,102,260,187
new balance-1\114.jpg,new balance,110,189,260,221
new balance-1\115.jpg,new balance,11,247,511,374
new balance-1\115.jpg,new balance,74,13,367,248
new balance-1\116.jpg,new balance,109,95,244,186
new balance-1\116.jpg,new balance,102,184,243,211
new balance-1\117.jpg,new balance,16,311,349,451
new balance-1\117.jpg,new balance,57,46,257,310
new balance-1\118.jpg,new balance,65,47,268,318
new balance-1\118.jpg,new balance,13,318,368,452
new balance-1\119.jpg,new balance,1,217,512,289
new balance-1\119.jpg,new balance,95,63,421,220
new balance-1\12.jpg,new balance,59,260,447,330
new balance-1\12.jpg,new balance,109,53,401,250
new balance-1\120.jpg,new balance,78,5,409,249
new balance-1\120.jpg,new balance,3,177,479,399
new balance-1\121.jpg,new balance,4,240,488,292
new balance-1\121.jpg,new balance,127,102,404,240
new balance-1\123.jpg,new balance,117,100,416,213
new balance-1\123.jpg,new balance,60,226,457,263
new balance-1\124.jpg,new balance,60,102,445,308
new balance-1\125.jpg,new balance,30,223,149,296
new balance-1\125.jpg,new balance,151,228,354,260
new balance-1\126.jpg,new balance,90,65,438,242
new balance-1\126.jpg,new balance,23,254,493,318
new balance-1\127.jpg,new balance,95,111,433,272
new balance-1\128.jpg,new balance,29,232,456,288
new balance-1\128.jpg,new balance,93,94,413,228
new balance-1\129.jpg,new balance,1,180,144,243
new balance-1\129.jpg,new balance,186,119,512,240
new balance-1\13.jpg,new balance,6,91,459,275
new balance-1\130.jpg,new balance,4,81,510,320
new balance-1\131.jpg,new balance,146,49,331,170
new balance-1\131.jpg,new balance,59,189,423,256
new balance-1\132.jpg,new balance,10,116,390,266
new balance-1\133.jpg,new balance,365,135,479,205
new balance-1\133.jpg,new balance,37,161,353,203
new balance-1\135.jpg,new balance,148,117,371,257
new balance-1\135.jpg,new balance,141,268,368,307
new balance-1\136.jpg,new balance,99,97,415,224
new balance-1\136.jpg,new balance,49,231,462,284
new balance-1\137.jpg,new balance,30,48,478,308
new balance-1\138.jpg,new balance,99,92,437,222
new balance-1\138.jpg,new balance,28,231,488,283
new balance-1\139.jpg,new balance,1,92,423,298
new balance-1\14.jpg,new balance,15,1,490,355
new balance-1\141.jpg,new balance,95,325,292,352
new balance-1\141.jpg,new balance,67,175,316,320
new balance-1\142.jpg,new balance,37,61,251,141
new balance-1\142.jpg,new balance,54,171,251,247
new balance-1\142.jpg,new balance,317,62,454,119
new balance-1\142.jpg,new balance,20,251,277,278
new balance-1\142.jpg,new balance,259,117,496,149
new balance-1\142.jpg,new balance,323,228,479,248
new balance-1\142.jpg,new balance,344,182,467,227
new balance-1\143.jpg,new balance,37,7,487,221
new balance-1\144.jpg,new balance,161,135,354,212
new balance-1\145.jpg,new balance,7,90,427,295
new balance-1\146.jpg,new balance,204,156,311,202
new balance-1\146.jpg,new balance,179,202,327,221
new balance-1\147.jpg,new balance,125,107,262,204
new balance-1\148.jpg,new balance,363,158,475,218
new balance-1\148.jpg,new balance,34,182,354,217
new balance-1\149.jpg,new balance,101,115,368,227
new balance-1\149.jpg,new balance,126,18,387,157
new balance-1\15.jpg,new balance,20,15,499,391
new balance-1\150.jpg,new balance,1,1,493,356
new balance-1\151.jpg,new balance,189,55,308,259
new balance-1\151.jpg,new balance,156,265,349,344
new balance-1\152.jpg,new balance,167,180,486,281
new balance-1\152.jpg,new balance,5,76,180,281
new balance-1\153.jpg,new balance,67,12,447,252
new balance-1\153.jpg,new balance,3,265,510,365
new balance-1\154.jpg,new balance,1,1,486,379
new balance-1\155.jpg,new balance,95,28,401,256
new balance-1\155.jpg,new balance,1,261,485,361
new balance-1\156.jpg,new balance,3,269,484,363
new balance-1\156.jpg,new balance,72,12,434,248
new balance-1\157.jpg,new balance,27,153,343,238
new balance-1\157.jpg,new balance,356,107,483,243
new balance-1\158.jpg,new balance,11,17,512,355
new balance-1\16.jpg,new balance,116,1,403,246
new balance-1\16.jpg,new balance,1,252,492,356
new balance-1\17.jpg,new balance,120,1,429,272
new balance-1\17.jpg,new balance,1,281,519,395
new balance-1\18.jpg,new balance,93,1,422,270
new balance-1\18.jpg,new balance,1,280,483,378
new balance-1\19.jpg,new balance,13,259,490,337
new balance-1\19.jpg,new balance,104,31,383,251
new balance-1\2.jpg,new balance,65,167,292,307
new balance-1\2.jpg,new balance,90,306,272,329
new balance-1\20.jpg,new balance,103,36,443,263
new balance-1\20.jpg,new balance,34,283,505,369
new balance-1\21.jpg,new balance,37,279,494,362
new balance-1\21.jpg,new balance,97,41,432,253
new balance-1\22.jpg,new balance,98,40,371,238
new balance-1\22.jpg,new balance,12,243,481,330
new balance-1\23.jpg,new balance,95,2,410,243
new balance-1\23.jpg,new balance,3,257,520,345
new balance-1\24.jpg,new balance,59,223,440,263
new balance-1\24.jpg,new balance,109,104,388,211
new balance-1\25.jpg,new balance,15,256,479,352
new balance-1\25.jpg,new balance,95,45,361,239
new balance-1\26.jpg,new balance,323,1,511,388
new balance-1\26.jpg,new balance,1,220,300,388
new balance-1\27.jpg,new balance,19,272,468,365
new balance-1\27.jpg,new balance,101,31,378,267
new balance-1\28.jpg,new balance,325,1,516,351
new balance-1\28.jpg,new balance,1,200,300,351
new balance-1\29.jpg,new balance,17,249,505,326
new balance-1\29.jpg,new balance,108,31,401,239
new balance-1\3.jpg,new balance,2,283,482,384
new balance-1\3.jpg,new balance,64,9,419,262
new balance-1\30.jpg,new balance,43,74,123,161
new balance-1\30.jpg,new balance,217,82,298,159
new balance-1\30.jpg,new balance,343,78,485,201
new balance-1\30.jpg,new balance,10,163,160,196
new balance-1\30.jpg,new balance,203,164,312,190
new balance-1\31.jpg,new balance,283,95,484,292
new balance-1\32.jpg,new balance,290,87,491,276
new balance-1\33.jpg,new balance,151,138,475,289
new balance-1\33.jpg,new balance,29,73,155,287
new balance-1\34.jpg,new balance,146,55,369,189
new balance-1\35.jpg,new balance,327,159,419,203
new balance-1\35.jpg,new balance,70,171,321,205
new balance-1\36.jpg,new balance,15,278,501,369
new balance-1\36.jpg,new balance,111,38,398,270
new balance-1\37.jpg,new balance,200,116,293,190
new balance-1\37.jpg,new balance,185,195,310,219
new balance-1\38.jpg,new balance,181,178,307,201
new balance-1\38.jpg,new balance,196,106,293,177
new balance-1\39.jpg,new balance,143,81,306,225
new balance-1\39.jpg,new balance,88,226,372,289
new balance-1\4.jpg,new balance,1,1,484,379
new balance-1\40.jpg,new balance,159,81,329,216
new balance-1\40.jpg,new balance,102,220,391,284
new balance-1\41.jpg,new balance,99,4,394,222
new balance-1\42.jpg,new balance,98,1,400,231
new balance-1\43.jpg,new balance,94,13,403,248
new balance-1\43.jpg,new balance,9,253,494,343
new balance-1\44.jpg,new balance,1,1,505,346
new balance-1\45.jpg,new balance,1,1,480,359
new balance-1\46.jpg,new balance,92,121,423,288
new balance-1\47.jpg,new balance,83,5,402,249
new balance-1\47.jpg,new balance,1,249,490,356
new balance-1\48.jpg,new balance,139,231,363,275
new balance-1\48.jpg,new balance,170,117,338,226
new balance-1\49.jpg,new balance,158,24,344,246
new balance-1\49.jpg,new balance,97,261,427,366
new balance-1\5.jpg,new balance,99,1,416,273
new balance-1\5.jpg,new balance,1,286,523,390
new balance-1\50.jpg,new balance,166,115,325,226
new balance-1\50.jpg,new balance,134,233,347,277
new balance-1\51.jpg,new balance,1,275,509,399
new balance-1\51.jpg,new balance,108,1,392,257
new balance-1\52.jpg,new balance,108,1,394,242
new balance-1\52.jpg,new balance,1,259,517,370
new balance-1\53.jpg,new balance,7,273,486,379
new balance-1\53.jpg,new balance,88,12,399,268
new balance-1\54.jpg,new balance,95,4,429,256
new balance-1\54.jpg,new balance,1,261,519,373
new balance-1\55.jpg,new balance,4,258,518,352
new balance-1\55.jpg,new balance,101,21,425,255
new balance-1\56.jpg,new balance,1,1,495,396
new balance-1\57.jpg,new balance,12,97,493,279
new balance-1\58.jpg,new balance,132,8,366,268
new balance-1\58.jpg,new balance,95,294,411,392
new balance-1\59.jpg,new balance,1,251,507,363
new balance-1\59.jpg,new balance,126,1,415,248
new balance-1\6.jpg,new balance,200,190,506,301
new balance-1\6.jpg,new balance,29,81,198,298
new balance-1\60.jpg,new balance,176,142,333,251
new balance-1\60.jpg,new balance,110,255,380,297
new balance-1\61.jpg,new balance,174,55,500,194
new balance-1\61.jpg,new balance,6,63,172,313
new balance-1\62.jpg,new balance,98,62,326,206
new balance-1\62.jpg,new balance,35,220,386,288
new balance-1\63.jpg,new balance,172,107,301,244
new balance-1\64.jpg,new balance,152,116,335,242
new balance-1\65.jpg,new balance,10,27,490,371
new balance-1\66.jpg,new balance,1,1,485,379
new balance-1\67.jpg,new balance,15,95,505,283
new balance-1\68.jpg,new balance,95,102,431,233
new balance-1\68.jpg,new balance,31,243,479,297
new balance-1\69.jpg,new balance,5,222,522,281
new balance-1\69.jpg,new balance,132,94,427,226
new balance-1\7.jpg,new balance,89,1,383,237
new balance-1\7.jpg,new balance,1,257,511,361
new balance-1\70.jpg,new balance,171,123,331,225
new balance-1\70.jpg,new balance,139,229,357,266
new balance-1\71.jpg,new balance,2,91,422,294
new balance-1\72.jpg,new balance,180,110,343,205
new balance-1\72.jpg,new balance,144,204,369,237
new balance-1\73.jpg,new balance,141,206,379,240
new balance-1\73.jpg,new balance,191,121,336,201
new balance-1\74.jpg,new balance,137,93,414,217
new balance-1\74.jpg,new balance,14,218,499,268
new balance-1\75.jpg,new balance,127,97,389,218
new balance-1\75.jpg,new balance,18,218,465,271
new balance-1\76.jpg,new balance,167,102,399,224
new balance-1\77.jpg,new balance,159,94,374,213
new balance-1\78.jpg,new balance,76,1,402,236
new balance-1\78.jpg,new balance,5,165,481,374
new balance-1\79.jpg,new balance,5,168,497,379
new balance-1\79.jpg,new balance,85,1,425,240
new balance-1\8.jpg,new balance,1,260,506,366
new balance-1\8.jpg,new balance,90,1,383,239
new balance-1\80.jpg,new balance,82,72,409,247
new balance-1\80.jpg,new balance,26,260,454,324
new balance-1\81.jpg,new balance,35,161,357,201
new balance-1\81.jpg,new balance,364,136,488,199
new balance-1\82.jpg,new balance,128,183,317,280
new balance-1\82.jpg,new balance,65,12,197,93
new balance-1\82.jpg,new balance,291,12,422,88
new balance-1\82.jpg,new balance,7,99,233,128
new balance-1\82.jpg,new balance,246,93,480,128
new balance-1\82.jpg,new balance,94,294,342,328
new balance-1\83.jpg,new balance,34,162,355,208
new balance-1\83.jpg,new balance,362,143,480,209
new balance-1\84.jpg,new balance,346,138,456,189
new balance-1\84.jpg,new balance,61,154,342,188
new balance-1\85.jpg,new balance,60,155,345,185
new balance-1\85.jpg,new balance,348,138,456,188
new balance-1\86.jpg,new balance,52,28,417,346
new balance-1\87.jpg,new balance,8,87,518,303
new balance-1\88.jpg,new balance,3,85,505,287
new balance-1\89.jpg,new balance,108,102,385,224
new balance-1\89.jpg,new balance,13,230,507,288
new balance-1\9.jpg,new balance,149,53,362,225
new balance-1\9.jpg,new balance,102,217,416,301
new balance-1\90.jpg,new balance,18,233,518,294
new balance-1\90.jpg,new balance,104,97,390,227
new balance-1\91.jpg,new balance,41,135,336,322
new balance-1\91.jpg,new balance,28,351,337,412
new balance-1\92.jpg,new balance,47,137,354,324
new balance-1\92.jpg,new balance,22,360,357,417
new balance-1\93.jpg,new balance,181,154,499,206
new balance-1\93.jpg,new balance,1,104,181,200
new balance-1\94.jpg,new balance,152,64,381,203
new balance-1\95.jpg,new balance,18,65,475,306
new balance-1\96.jpg,new balance,15,69,469,284
new balance-1\97.jpg,new balance,50,29,443,371
new balance-1\98.jpg,new balance,129,92,354,210
new balance-1\99.jpg,new balance,130,101,351,223
new balance-2\1.jpg,new balance,93,93,418,220
new balance-2\1.jpg,new balance,33,230,465,271
new balance-2\10.jpg,new balance,65,240,462,308
new balance-2\10.jpg,new balance,118,54,422,231
new balance-2\100.jpg,new balance,117,95,420,221
new balance-2\100.jpg,new balance,60,230,459,276
new balance-2\101.jpg,new balance,52,240,203,318
new balance-2\102.jpg,new balance,52,265,199,342
new balance-2\103.jpg,new balance,117,73,374,218
new balance-2\103.jpg,new balance,40,221,460,274
new balance-2\104.jpg,new balance,64,231,464,276
new balance-2\104.jpg,new balance,114,102,421,220
new balance-2\105.jpg,new balance,126,83,394,239
new balance-2\105.jpg,new balance,37,252,484,305
new balance-2\106.jpg,new balance,44,174,456,227
new balance-2\106.jpg,new balance,97,25,407,167
new balance-2\107.jpg,new balance,104,34,416,175
new balance-2\107.jpg,new balance,42,187,463,239
new balance-2\108.jpg,new balance,131,280,292,303
new balance-2\108.jpg,new balance,303,253,405,304
new balance-2\109.jpg,new balance,283,247,385,297
new balance-2\109.jpg,new balance,121,273,274,297
new balance-2\11.jpg,new balance,359,111,488,258
new balance-2\11.jpg,new balance,30,160,350,252
new balance-2\110.jpg,new balance,73,44,436,259
new balance-2\110.jpg,new balance,7,264,490,347
new balance-2\111.jpg,new balance,27,164,359,208
new balance-2\111.jpg,new balance,370,142,496,208
new balance-2\112.jpg,new balance,351,156,473,220
new balance-2\112.jpg,new balance,25,174,345,220
new balance-2\113.jpg,new balance,61,189,434,250
new balance-2\113.jpg,new balance,147,49,343,162
new balance-2\114.jpg,new balance,119,102,260,187
new balance-2\114.jpg,new balance,110,189,260,221
new balance-2\115.jpg,new balance,11,247,511,374
new balance-2\115.jpg,new balance,74,13,367,248
new balance-2\116.jpg,new balance,109,95,244,186
new balance-2\116.jpg,new balance,102,184,243,211
new balance-2\117.jpg,new balance,16,311,349,451
new balance-2\117.jpg,new balance,57,46,257,310
new balance-2\118.jpg,new balance,65,47,268,318
new balance-2\118.jpg,new balance,13,318,368,452
new balance-2\119.jpg,new balance,1,217,512,289
new balance-2\119.jpg,new balance,95,63,421,220
new balance-2\12.jpg,new balance,59,260,447,330
new balance-2\12.jpg,new balance,109,53,401,250
new balance-2\120.jpg,new balance,78,5,409,249
new balance-2\120.jpg,new balance,3,177,479,399
new balance-2\121.jpg,new balance,4,240,488,292
new balance-2\121.jpg,new balance,127,102,404,240
new balance-2\123.jpg,new balance,117,100,416,213
new balance-2\123.jpg,new balance,60,226,457,263
new balance-2\124.jpg,new balance,60,102,445,308
new balance-2\125.jpg,new balance,30,223,149,296
new balance-2\125.jpg,new balance,151,228,354,260
new balance-2\126.jpg,new balance,90,65,438,242
new balance-2\126.jpg,new balance,23,254,493,318
new balance-2\127.jpg,new balance,95,111,433,272
new balance-2\128.jpg,new balance,29,232,456,288
new balance-2\128.jpg,new balance,93,94,413,228
new balance-2\129.jpg,new balance,1,180,144,243
new balance-2\129.jpg,new balance,186,119,512,240
new balance-2\13.jpg,new balance,6,91,459,275
new balance-2\130.jpg,new balance,4,81,510,320
new balance-2\131.jpg,new balance,146,49,331,170
new balance-2\131.jpg,new balance,59,189,423,256
new balance-2\132.jpg,new balance,10,116,390,266
new balance-2\133.jpg,new balance,365,135,479,205
new balance-2\133.jpg,new balance,37,161,353,203
new balance-2\135.jpg,new balance,148,117,371,257
new balance-2\135.jpg,new balance,141,268,368,307
new balance-2\136.jpg,new balance,99,97,415,224
new balance-2\136.jpg,new balance,49,231,462,284
new balance-2\137.jpg,new balance,30,48,478,308
new balance-2\138.jpg,new balance,99,92,437,222
new balance-2\138.jpg,new balance,28,231,488,283
new balance-2\139.jpg,new balance,1,92,423,298
new balance-2\14.jpg,new balance,15,1,490,355
new balance-2\141.jpg,new balance,95,325,292,352
new balance-2\141.jpg,new balance,67,175,316,320
new balance-2\142.jpg,new balance,37,61,251,141
new balance-2\142.jpg,new balance,54,171,251,247
new balance-2\142.jpg,new balance,317,62,454,119
new balance-2\142.jpg,new balance,20,251,277,278
new balance-2\142.jpg,new balance,259,117,496,149
new balance-2\142.jpg,new balance,323,228,479,248
new balance-2\142.jpg,new balance,344,182,467,227
new balance-2\143.jpg,new balance,37,7,487,221
new balance-2\144.jpg,new balance,161,135,354,212
new balance-2\145.jpg,new balance,7,90,427,295
new balance-2\146.jpg,new balance,204,156,311,202
new balance-2\146.jpg,new balance,179,202,327,221
new balance-2\147.jpg,new balance,125,107,262,204
new balance-2\148.jpg,new balance,363,158,475,218
new balance-2\148.jpg,new balance,34,182,354,217
new balance-2\149.jpg,new balance,101,115,368,227
new balance-2\149.jpg,new balance,126,18,387,157
new balance-2\15.jpg,new balance,20,15,499,391
new balance-2\150.jpg,new balance,1,1,493,356
new balance-2\151.jpg,new balance,189,55,308,259
new balance-2\151.jpg,new balance,156,265,349,344
new balance-2\152.jpg,new balance,167,180,486,281
new balance-2\152.jpg,new balance,5,76,180,281
new balance-2\153.jpg,new balance,67,12,447,252
new balance-2\153.jpg,new balance,3,265,510,365
new balance-2\154.jpg,new balance,1,1,486,379
new balance-2\155.jpg,new balance,95,28,401,256
new balance-2\155.jpg,new balance,1,261,485,361
new balance-2\156.jpg,new balance,3,269,484,363
new balance-2\156.jpg,new balance,72,12,434,248
new balance-2\157.jpg,new balance,27,153,343,238
new balance-2\157.jpg,new balance,356,107,483,243
new balance-2\158.jpg,new balance,11,17,512,355
new balance-2\16.jpg,new balance,116,1,403,246
new balance-2\16.jpg,new balance,1,252,492,356
new balance-2\17.jpg,new balance,120,1,429,272
new balance-2\17.jpg,new balance,1,281,519,395
new balance-2\18.jpg,new balance,93,1,422,270
new balance-2\18.jpg,new balance,1,280,483,378
new balance-2\19.jpg,new balance,13,259,490,337
new balance-2\19.jpg,new balance,104,31,383,251
new balance-2\2.jpg,new balance,65,167,292,307
new balance-2\2.jpg,new balance,90,306,272,329
new balance-2\20.jpg,new balance,103,36,443,263
new balance-2\20.jpg,new balance,34,283,505,369
new balance-2\21.jpg,new balance,37,279,494,362
new balance-2\21.jpg,new balance,97,41,432,253
new balance-2\22.jpg,new balance,98,40,371,238
new balance-2\22.jpg,new balance,12,243,481,330
new balance-2\23.jpg,new balance,95,2,410,243
new balance-2\23.jpg,new balance,3,257,520,345
new balance-2\24.jpg,new balance,59,223,440,263
new balance-2\24.jpg,new balance,109,104,388,211
new balance-2\25.jpg,new balance,15,256,479,352
new balance-2\25.jpg,new balance,95,45,361,239
new balance-2\26.jpg,new balance,323,1,511,388
new balance-2\26.jpg,new balance,1,220,300,388
new balance-2\27.jpg,new balance,19,272,468,365
new balance-2\27.jpg,new balance,101,31,378,267
new balance-2\28.jpg,new balance,325,1,516,351
new balance-2\28.jpg,new balance,1,200,300,351
new balance-2\29.jpg,new balance,17,249,505,326
new balance-2\29.jpg,new balance,108,31,401,239
new balance-2\3.jpg,new balance,2,283,482,384
new balance-2\3.jpg,new balance,64,9,419,262
new balance-2\30.jpg,new balance,43,74,123,161
new balance-2\30.jpg,new balance,217,82,298,159
new balance-2\30.jpg,new balance,343,78,485,201
new balance-2\30.jpg,new balance,10,163,160,196
new balance-2\30.jpg,new balance,203,164,312,190
new balance-2\31.jpg,new balance,283,95,484,292
new balance-2\32.jpg,new balance,290,87,491,276
new balance-2\33.jpg,new balance,151,138,475,289
new balance-2\33.jpg,new balance,29,73,155,287
new balance-2\34.jpg,new balance,146,55,369,189
new balance-2\35.jpg,new balance,327,159,419,203
new balance-2\35.jpg,new balance,70,171,321,205
new balance-2\36.jpg,new balance,15,278,501,369
new balance-2\36.jpg,new balance,111,38,398,270
new balance-2\37.jpg,new balance,200,116,293,190
new balance-2\37.jpg,new balance,185,195,310,219
new balance-2\38.jpg,new balance,181,178,307,201
new balance-2\38.jpg,new balance,196,106,293,177
new balance-2\39.jpg,new balance,143,81,306,225
new balance-2\39.jpg,new balance,88,226,372,289
new balance-2\4.jpg,new balance,1,1,484,379
new balance-2\40.jpg,new balance,159,81,329,216
new balance-2\40.jpg,new balance,102,220,391,284
new balance-2\41.jpg,new balance,99,4,394,222
new balance-2\42.jpg,new balance,98,1,400,231
new balance-2\43.jpg,new balance,94,13,403,248
new balance-2\43.jpg,new balance,9,253,494,343
new balance-2\44.jpg,new balance,1,1,505,346
new balance-2\45.jpg,new balance,1,1,480,359
new balance-2\46.jpg,new balance,92,121,423,288
new balance-2\47.jpg,new balance,83,5,402,249
new balance-2\47.jpg,new balance,1,249,490,356
new balance-2\48.jpg,new balance,139,231,363,275
new balance-2\48.jpg,new balance,170,117,338,226
new balance-2\49.jpg,new balance,158,24,344,246
new balance-2\49.jpg,new balance,97,261,427,366
new balance-2\5.jpg,new balance,99,1,416,273
new balance-2\5.jpg,new balance,1,286,523,390
new balance-2\50.jpg,new balance,166,115,325,226
new balance-2\50.jpg,new balance,134,233,347,277
new balance-2\51.jpg,new balance,1,275,509,399
new balance-2\51.jpg,new balance,108,1,392,257
new balance-2\52.jpg,new balance,108,1,394,242
new balance-2\52.jpg,new balance,1,259,517,370
new balance-2\53.jpg,new balance,7,273,486,379
new balance-2\53.jpg,new balance,88,12,399,268
new balance-2\54.jpg,new balance,95,4,429,256
new balance-2\54.jpg,new balance,1,261,519,373
new balance-2\55.jpg,new balance,4,258,518,352
new balance-2\55.jpg,new balance,101,21,425,255
new balance-2\56.jpg,new balance,1,1,495,396
new balance-2\57.jpg,new balance,12,97,493,279
new balance-2\58.jpg,new balance,132,8,366,268
new balance-2\58.jpg,new balance,95,294,411,392
new balance-2\59.jpg,new balance,1,251,507,363
new balance-2\59.jpg,new balance,126,1,415,248
new balance-2\6.jpg,new balance,200,190,506,301
new balance-2\6.jpg,new balance,29,81,198,298
new balance-2\60.jpg,new balance,176,142,333,251
new balance-2\60.jpg,new balance,110,255,380,297
new balance-2\61.jpg,new balance,174,55,500,194
new balance-2\61.jpg,new balance,6,63,172,313
new balance-2\62.jpg,new balance,98,62,326,206
new balance-2\62.jpg,new balance,35,220,386,288
new balance-2\63.jpg,new balance,172,107,301,244
new balance-2\64.jpg,new balance,152,116,335,242
new balance-2\65.jpg,new balance,10,27,490,371
new balance-2\66.jpg,new balance,1,1,485,379
new balance-2\67.jpg,new balance,15,95,505,283
new balance-2\68.jpg,new balance,95,102,431,233
new balance-2\68.jpg,new balance,31,243,479,297
new balance-2\69.jpg,new balance,5,222,522,281
new balance-2\69.jpg,new balance,132,94,427,226
new balance-2\7.jpg,new balance,89,1,383,237
new balance-2\7.jpg,new balance,1,257,511,361
new balance-2\70.jpg,new balance,171,123,331,225
new balance-2\70.jpg,new balance,139,229,357,266
new balance-2\71.jpg,new balance,2,91,422,294
new balance-2\72.jpg,new balance,180,110,343,205
new balance-2\72.jpg,new balance,144,204,369,237
new balance-2\73.jpg,new balance,141,206,379,240
new balance-2\73.jpg,new balance,191,121,336,201
new balance-2\74.jpg,new balance,137,93,414,217
new balance-2\74.jpg,new balance,14,218,499,268
new balance-2\75.jpg,new balance,127,97,389,218
new balance-2\75.jpg,new balance,18,218,465,271
new balance-2\76.jpg,new balance,167,102,399,224
new balance-2\77.jpg,new balance,159,94,374,213
new balance-2\78.jpg,new balance,76,1,402,236
new balance-2\78.jpg,new balance,5,165,481,374
new balance-2\79.jpg,new balance,5,168,497,379
new balance-2\79.jpg,new balance,85,1,425,240
new balance-2\8.jpg,new balance,1,260,506,366
new balance-2\8.jpg,new balance,90,1,383,239
new balance-2\80.jpg,new balance,82,72,409,247
new balance-2\80.jpg,new balance,26,260,454,324
new balance-2\81.jpg,new balance,35,161,357,201
new balance-2\81.jpg,new balance,364,136,488,199
new balance-2\82.jpg,new balance,128,183,317,280
new balance-2\82.jpg,new balance,65,12,197,93
new balance-2\82.jpg,new balance,291,12,422,88
new balance-2\82.jpg,new balance,7,99,233,128
new balance-2\82.jpg,new balance,246,93,480,128
new balance-2\82.jpg,new balance,94,294,342,328
new balance-2\83.jpg,new balance,34,162,355,208
new balance-2\83.jpg,new balance,362,143,480,209
new balance-2\84.jpg,new balance,346,138,456,189
new balance-2\84.jpg,new balance,61,154,342,188
new balance-2\85.jpg,new balance,60,155,345,185
new balance-2\85.jpg,new balance,348,138,456,188
new balance-2\86.jpg,new balance,52,28,417,346
new balance-2\87.jpg,new balance,8,87,518,303
new balance-2\88.jpg,new balance,3,85,505,287
new balance-2\89.jpg,new balance,108,102,385,224
new balance-2\89.jpg,new balance,13,230,507,288
new balance-2\9.jpg,new balance,149,53,362,225
new balance-2\9.jpg,new balance,102,217,416,301
new balance-2\90.jpg,new balance,18,233,518,294
new balance-2\90.jpg,new balance,104,97,390,227
new balance-2\91.jpg,new balance,41,135,336,322
new balance-2\91.jpg,new balance,28,351,337,412
new balance-2\92.jpg,new balance,47,137,354,324
new balance-2\92.jpg,new balance,22,360,357,417
new balance-2\93.jpg,new balance,181,154,499,206
new balance-2\93.jpg,new balance,1,104,181,200
new balance-2\94.jpg,new balance,152,64,381,203
new balance-2\95.jpg,new balance,18,65,475,306
new balance-2\96.jpg,new balance,15,69,469,284
new balance-2\97.jpg,new balance,50,29,443,371
new balance-2\98.jpg,new balance,129,92,354,210
new balance-2\99.jpg,new balance,130,101,351,223
nivea\1.jpg,nivea,32,122,467,219
nivea\10.jpg,nivea,15,166,169,228
nivea\100.jpg,nivea,139,123,187,240
nivea\100.jpg,nivea,279,46,356,69
nivea\101.jpg,nivea,77,44,400,200
nivea\102.jpg,nivea,53,129,454,299
nivea\103.jpg,nivea,13,134,146,220
nivea\104.jpg,nivea,62,124,206,194
nivea\104.jpg,nivea,315,135,429,189
nivea\105.jpg,nivea,127,67,367,290
nivea\106.jpg,nivea,200,117,325,170
nivea\107.jpg,nivea,10,106,258,295
nivea\108.jpg,nivea,166,131,324,187
nivea\109.jpg,nivea,25,152,165,208
nivea\11.jpg,nivea,73,184,180,232
nivea\11.jpg,nivea,216,247,270,282
nivea\11.jpg,nivea,300,312,353,348
nivea\110.jpg,nivea,63,176,174,226
nivea\110.jpg,nivea,207,240,258,275
nivea\110.jpg,nivea,285,300,332,329
nivea\12.jpg,nivea,211,117,271,160
nivea\13.jpg,nivea,103,149,237,196
nivea\14.jpg,nivea,26,123,95,165
nivea\14.jpg,nivea,117,283,168,309
nivea\14.jpg,nivea,342,160,414,205
nivea\15.jpg,nivea,222,131,387,174
nivea\16.jpg,nivea,56,90,364,159
nivea\17.jpg,nivea,116,81,379,147
nivea\18.jpg,nivea,174,145,326,186
nivea\19.jpg,nivea,40,50,446,154
nivea\2.jpg,nivea,12,20,64,36
nivea\2.jpg,nivea,83,187,254,219
nivea\2.jpg,nivea,316,183,442,222
nivea\20.jpg,nivea,86,115,261,180
nivea\21.jpg,nivea,22,141,474,224
nivea\22.jpg,nivea,76,99,424,171
nivea\23.jpg,nivea,374,90,431,167
nivea\25.jpg,nivea,50,148,462,238
nivea\26.jpg,nivea,35,93,502,173
nivea\28.jpg,nivea,228,97,312,115
nivea\29.jpg,nivea,52,241,202,291
nivea\29.jpg,nivea,300,251,424,284
nivea\3.jpg,nivea,197,98,309,141
nivea\3.jpg,nivea,62,280,274,364
nivea\30.jpg,nivea,167,87,359,193
nivea\31.jpg,nivea,175,160,335,216
nivea\32.jpg,nivea,140,147,374,206
nivea\33.jpg,nivea,121,293,192,317
nivea\33.jpg,nivea,218,293,278,316
nivea\33.jpg,nivea,318,296,372,317
nivea\33.jpg,nivea,24,164,80,190
nivea\33.jpg,nivea,122,167,181,193
nivea\33.jpg,nivea,224,170,267,186
nivea\33.jpg,nivea,314,159,370,180
nivea\33.jpg,nivea,407,165,465,186
nivea\33.jpg,nivea,32,34,77,54
nivea\33.jpg,nivea,124,32,185,57
nivea\33.jpg,nivea,222,39,268,58
nivea\33.jpg,nivea,319,31,363,51
nivea\33.jpg,nivea,405,36,468,56
nivea\34.jpg,nivea,144,144,358,184
nivea\35.jpg,nivea,242,119,466,170
nivea\36.jpg,nivea,134,220,284,270
nivea\37.jpg,nivea,151,174,239,206
nivea\38.jpg,nivea,174,93,464,187
nivea\39.jpg,nivea,152,103,340,144
nivea\4.jpg,nivea,216,120,271,151
nivea\40.jpg,nivea,33,47,156,92
nivea\40.jpg,nivea,30,173,164,222
nivea\40.jpg,nivea,36,302,164,345
nivea\40.jpg,nivea,30,430,164,477
nivea\40.jpg,nivea,218,413,303,493
nivea\40.jpg,nivea,194,305,320,345
nivea\40.jpg,nivea,196,180,323,219
nivea\40.jpg,nivea,212,46,306,88
nivea\41.jpg,nivea,83,69,171,103
nivea\41.jpg,nivea,46,251,124,285
nivea\41.jpg,nivea,133,213,184,236
nivea\41.jpg,nivea,267,70,319,96
nivea\41.jpg,nivea,343,73,385,106
nivea\41.jpg,nivea,424,73,481,102
nivea\41.jpg,nivea,285,239,314,262
nivea\42.jpg,nivea,94,148,337,226
nivea\43.jpg,nivea,85,114,278,177
nivea\44.jpg,nivea,163,117,316,260
nivea\45.jpg,nivea,165,136,315,182
nivea\46.jpg,nivea,32,138,473,226
nivea\47.jpg,nivea,36,24,458,296
nivea\48.jpg,nivea,62,63,453,142
nivea\49.jpg,nivea,146,166,324,207
nivea\49.jpg,nivea,58,160,122,197
nivea\5.jpg,nivea,177,91,344,147
nivea\50.jpg,nivea,152,149,217,162
nivea\50.jpg,nivea,301,47,389,63
nivea\51.jpg,nivea,140,127,260,157
nivea\52.jpg,nivea,73,213,196,252
nivea\52.jpg,nivea,232,150,308,171
nivea\53.jpg,nivea,167,134,231,162
nivea\54.jpg,nivea,125,308,244,344
nivea\54.jpg,nivea,159,22,205,43
nivea\55.jpg,nivea,37,91,477,178
nivea\56.jpg,nivea,61,54,448,144
nivea\57.jpg,nivea,139,158,266,243
nivea\58.jpg,nivea,172,154,328,212
nivea\59.jpg,nivea,138,139,350,182
nivea\6.jpg,nivea,169,116,308,170
nivea\60.jpg,nivea,168,139,331,197
nivea\61.jpg,nivea,113,139,354,203
nivea\62.jpg,nivea,167,208,312,236
nivea\63.jpg,nivea,194,153,334,188
nivea\64.jpg,nivea,170,208,327,233
nivea\65.jpg,nivea,43,163,113,179
nivea\65.jpg,nivea,181,167,262,197
nivea\65.jpg,nivea,354,168,432,192
nivea\66.jpg,nivea,173,132,328,170
nivea\67.jpg,nivea,113,126,343,182
nivea\68.jpg,nivea,127,145,364,196
nivea\69.jpg,nivea,58,63,435,154
nivea\7.jpg,nivea,244,120,318,137
nivea\7.jpg,nivea,52,363,136,383
nivea\70.jpg,nivea,137,204,302,261
nivea\71.jpg,nivea,43,164,109,187
nivea\71.jpg,nivea,186,177,263,212
nivea\71.jpg,nivea,358,176,432,203
nivea\72.jpg,nivea,144,170,221,202
nivea\73.jpg,nivea,152,87,284,136
nivea\73.jpg,nivea,277,188,389,276
nivea\74.jpg,nivea,157,105,333,147
nivea\75.jpg,nivea,80,75,172,109
nivea\75.jpg,nivea,51,275,139,310
nivea\75.jpg,nivea,139,242,196,259
nivea\75.jpg,nivea,285,80,315,103
nivea\75.jpg,nivea,348,80,411,115
nivea\75.jpg,nivea,437,70,494,124
nivea\76.jpg,nivea,90,152,324,218
nivea\77.jpg,nivea,31,137,478,224
nivea\78.jpg,nivea,195,170,335,201
nivea\79.jpg,nivea,25,20,443,325
nivea\8.jpg,nivea,163,102,311,160
nivea\8.jpg,nivea,13,11,79,105
nivea\8.jpg,nivea,365,240,430,384
nivea\80.jpg,nivea,124,168,278,225
nivea\81.jpg,nivea,155,157,348,197
nivea\81.jpg,nivea,42,151,130,198
nivea\82.jpg,nivea,183,139,287,168
nivea\83.jpg,nivea,325,181,429,233
nivea\84.jpg,nivea,172,105,474,191
nivea\85.jpg,nivea,18,94,472,194
nivea\86.jpg,nivea,151,154,215,168
nivea\86.jpg,nivea,307,47,388,66
nivea\87.jpg,nivea,76,210,188,253
nivea\87.jpg,nivea,217,150,291,172
nivea\88.jpg,nivea,176,121,259,178
nivea\89.jpg,nivea,177,103,258,140
nivea\9.jpg,nivea,172,116,327,169
nivea\90.jpg,nivea,59,111,437,186
nivea\91.jpg,nivea,127,164,256,244
nivea\92.jpg,nivea,30,54,354,150
nivea\92.jpg,nivea,30,278,351,376
nivea\93.jpg,nivea,63,115,176,160
nivea\93.jpg,nivea,294,126,423,159
nivea\94.jpg,nivea,183,109,324,154
nivea\95.jpg,nivea,164,104,311,161
nivea\95.jpg,nivea,349,221,427,392
nivea\95.jpg,nivea,4,1,107,118
nivea\96.jpg,nivea,36,141,83,165
nivea\96.jpg,nivea,133,157,189,180
nivea\96.jpg,nivea,240,148,309,181
nivea\97.jpg,nivea,43,202,165,242
nivea\97.jpg,nivea,229,60,335,94
nivea\97.jpg,nivea,377,133,464,237
nivea\99.jpg,nivea,172,103,314,166
nivea\99.jpg,nivea,5,8,108,111
nivea\99.jpg,nivea,79,285,181,385
nivea\99.jpg,nivea,357,227,436,376
opel\1.jpg,opel,74,298,440,365
opel\1.jpg,opel,26,10,455,269
opel\10.jpg,opel,15,4,337,354
opel\10.jpg,opel,59,390,319,472
opel\11.jpg,opel,2,12,479,291
opel\11.jpg,opel,56,316,444,387
opel\13.jpg,opel,198,27,267,60
opel\13.jpg,opel,360,36,451,65
opel\13.jpg,opel,3,256,158,340
opel\13.jpg,opel,184,292,280,311
opel\13.jpg,opel,365,325,445,341
opel\13.jpg,opel,355,259,453,319
opel\13.jpg,opel,337,135,468,216
opel\13.jpg,opel,162,129,324,213
opel\13.jpg,opel,0,126,161,211
opel\14.jpg,opel,3,165,375,226
opel\14.jpg,opel,386,157,507,228
opel\15.jpg,opel,21,14,349,308
opel\16.jpg,opel,5,174,350,309
opel\16.jpg,opel,152,92,498,223
opel\17.jpg,opel,15,49,497,342
opel\18.jpg,opel,65,79,452,313
opel\19.jpg,opel,7,121,338,233
opel\19.jpg,opel,5,120,336,231
opel\19.jpg,opel,172,142,503,254
opel\19.jpg,opel,60,230,178,287
opel\19.jpg,opel,318,88,436,145
opel\2.jpg,opel,4,282,524,358
opel\2.jpg,opel,46,14,468,235
opel\20.jpg,opel,0,0,375,338
opel\20.jpg,opel,14,381,355,481
opel\21.jpg,opel,1,128,172,206
opel\21.jpg,opel,175,130,348,208
opel\21.jpg,opel,2,259,179,339
opel\21.jpg,opel,194,293,304,314
opel\21.jpg,opel,380,257,498,320
opel\21.jpg,opel,388,324,498,345
opel\21.jpg,opel,212,27,288,58
opel\21.jpg,opel,388,34,481,67
opel\21.jpg,opel,365,128,510,215
opel\23.jpg,opel,38,27,346,311
opel\23.jpg,opel,20,338,368,426
opel\25.jpg,opel,36,16,476,335
opel\26.jpg,opel,87,169,210,235
opel\26.jpg,opel,301,163,424,229
opel\26.jpg,opel,84,238,201,261
opel\26.jpg,opel,320,236,428,261
opel\28.jpg,opel,10,266,511,343
opel\28.jpg,opel,36,7,481,247
opel\29.jpg,opel,97,117,425,262
opel\3.jpg,opel,159,68,326,116
opel\3.jpg,opel,67,64,416,332
opel\30.jpg,opel,1,121,377,182
opel\30.jpg,opel,139,214,515,275
opel\30.jpg,opel,6,208,127,282
opel\30.jpg,opel,389,115,510,188
opel\32.jpg,opel,5,16,489,331
opel\33.jpg,opel,89,37,407,266
opel\33.jpg,opel,125,282,387,342
opel\34.jpg,opel,80,29,386,252
opel\35.jpg,opel,76,180,241,210
opel\35.jpg,opel,324,149,409,214
opel\35.jpg,opel,417,158,489,201
opel\36.jpg,opel,214,176,377,211
opel\36.jpg,opel,383,174,444,209
opel\37.jpg,opel,150,70,348,173
opel\37.jpg,opel,159,189,346,221
opel\38.jpg,opel,0,1,392,387
opel\38.jpg,opel,46,431,374,519
opel\39.jpg,opel,93,55,426,327
opel\4.jpg,opel,5,5,349,367
opel\4.jpg,opel,37,410,335,504
opel\40.jpg,opel,30,3,498,284
opel\40.jpg,opel,87,309,470,379
opel\41.jpg,opel,89,63,417,254
opel\41.jpg,opel,57,300,448,362
opel\42.jpg,opel,27,1,485,255
opel\42.jpg,opel,82,280,463,340
opel\43.jpg,opel,30,18,465,288
opel\44.jpg,opel,7,150,346,202
opel\44.jpg,opel,358,144,474,209
opel\45.jpg,opel,101,206,274,273
opel\46.jpg,opel,60,10,461,334
opel\47.jpg,opel,40,18,454,273
opel\47.jpg,opel,2,273,487,352
opel\49.jpg,opel,63,2,470,380
opel\5.jpg,opel,4,157,379,212
opel\5.jpg,opel,389,150,515,216
opel\51.jpg,opel,76,46,423,351
opel\52.jpg,opel,216,184,402,218
opel\52.jpg,opel,407,181,473,219
opel\53.jpg,opel,191,31,231,52
opel\53.jpg,opel,275,19,355,68
opel\53.jpg,opel,30,124,89,152
opel\53.jpg,opel,129,122,181,148
opel\53.jpg,opel,249,108,349,165
opel\53.jpg,opel,250,195,350,252
opel\53.jpg,opel,126,200,240,256
opel\53.jpg,opel,8,198,108,255
opel\53.jpg,opel,5,296,97,345
opel\53.jpg,opel,111,294,162,330
opel\53.jpg,opel,175,307,246,324
opel\53.jpg,opel,286,288,352,335
opel\53.jpg,opel,177,383,259,448
opel\53.jpg,opel,266,383,350,446
opel\53.jpg,opel,15,385,85,435
opel\53.jpg,opel,97,383,167,434
opel\53.jpg,opel,116,331,162,345
opel\53.jpg,opel,288,334,342,351
opel\53.jpg,opel,21,436,83,455
opel\53.jpg,opel,99,437,166,453
opel\54.jpg,opel,72,81,424,292
opel\54.jpg,opel,101,299,411,367
opel\55.jpg,opel,0,14,369,355
opel\55.jpg,opel,44,379,350,466
opel\56.jpg,opel,66,22,421,275
opel\56.jpg,opel,123,292,360,358
opel\57.jpg,opel,17,18,347,250
opel\57.jpg,opel,136,175,472,386
opel\58.jpg,opel,7,17,484,285
opel\58.jpg,opel,34,213,456,358
opel\59.jpg,opel,111,73,386,230
opel\59.jpg,opel,81,267,429,323
opel\6.jpg,opel,35,156,123,203
opel\6.jpg,opel,211,167,286,196
opel\6.jpg,opel,356,10,496,103
opel\6.jpg,opel,42,324,108,345
opel\6.jpg,opel,187,291,279,317
opel\6.jpg,opel,386,339,463,355
opel\6.jpg,opel,221,41,281,76
opel\6.jpg,opel,358,140,495,222
opel\6.jpg,opel,37,260,118,324
opel\6.jpg,opel,377,250,468,331
opel\60.jpg,opel,3,232,518,369
opel\60.jpg,opel,126,1,356,194
opel\61.jpg,opel,195,292,319,347
opel\61.jpg,opel,170,35,334,275
opel\62.jpg,opel,210,217,313,331
opel\62.jpg,opel,321,61,415,141
opel\62.jpg,opel,408,221,511,335
opel\62.jpg,opel,230,62,325,142
opel\62.jpg,opel,421,44,502,137
opel\62.jpg,opel,22,239,71,290
opel\62.jpg,opel,12,297,76,322
opel\62.jpg,opel,89,281,176,313
opel\62.jpg,opel,84,82,129,110
opel\62.jpg,opel,159,92,218,127
opel\62.jpg,opel,316,205,402,305
opel\62.jpg,opel,324,306,396,336
opel\63.jpg,opel,214,24,367,373
opel\65.jpg,opel,7,61,234,339
opel\65.jpg,opel,266,62,493,340
opel\66.jpg,opel,0,78,358,255
opel\66.jpg,opel,370,53,496,272
opel\67.jpg,opel,145,62,385,368
opel\68.jpg,opel,113,43,385,325
opel\69.jpg,opel,127,73,364,280
opel\7.jpg,opel,89,95,411,280
opel\7.jpg,opel,171,102,333,135
opel\70.jpg,opel,4,38,238,302
opel\71.jpg,opel,80,32,126,68
opel\71.jpg,opel,165,36,229,83
opel\71.jpg,opel,245,12,341,102
opel\71.jpg,opel,342,14,441,110
opel\71.jpg,opel,443,12,519,113
opel\71.jpg,opel,132,187,222,278
opel\71.jpg,opel,229,224,286,250
opel\71.jpg,opel,326,181,390,261
opel\71.jpg,opel,325,263,403,287
opel\72.jpg,opel,144,307,364,370
opel\72.jpg,opel,106,7,382,277
opel\73.jpg,opel,125,5,371,255
opel\73.jpg,opel,138,283,357,345
opel\74.jpg,opel,133,14,506,325
opel\74.jpg,opel,1,17,132,333
opel\75.jpg,opel,2,78,344,243
opel\75.jpg,opel,358,49,480,270
opel\76.jpg,opel,2,35,213,291
opel\76.jpg,opel,288,33,499,288
opel\76.jpg,opel,25,306,198,372
opel\77.jpg,opel,69,13,435,295
opel\78.jpg,opel,28,51,467,332
opel\8.jpg,opel,6,1,381,370
opel\8.jpg,opel,56,404,364,494
opel\9.jpg,opel,87,48,400,247
opel\9.jpg,opel,109,265,395,316
pepsi jazz\17.jpg,pepsi,173,93,319,183
pepsi jazz\19.jpg,pepsi,71,215,226,308
pepsi jazz\25.jpg,pepsi,191,103,327,179
pepsi jazz\3.jpg,pepsi,92,136,392,364
pepsi jazz\30.jpg,pepsi,35,102,321,331
pepsi jazz\37.jpg,pepsi,20,109,333,343
pepsi jazz\38.jpg,pepsi,42,146,163,239
pepsi jazz\38.jpg,pepsi,199,142,331,245
pepsi jazz\38.jpg,pepsi,372,146,506,248
pepsi jazz\39.jpg,pepsi,182,73,357,297
pepsi jazz\4.jpg,pepsi,106,204,302,318
pepsi jazz\41.jpg,pepsi,60,124,352,285
pepsi jazz\47.jpg,pepsi,51,117,351,260
pepsi jazz\48.jpg,pepsi,24,129,311,283
pepsi jazz\49.jpg,pepsi,48,111,328,282
pepsi jazz\5.jpg,pepsi,62,111,316,312
pepsi jazz\50.jpg,pepsi,141,224,278,320
pepsi jazz\51.jpg,pepsi,33,127,363,265
pepsi jazz\52.jpg,pepsi,36,120,312,276
pepsi jazz\53.jpg,pepsi,114,248,249,334
pepsi jazz\54.jpg,pepsi,20,11,485,352
pepsi jazz\55.jpg,pepsi,37,130,327,289
pepsi jazz\56.jpg,pepsi,115,372,223,447
pepsi jazz\58.jpg,pepsi,14,117,335,265
pepsi jazz\60.jpg,pepsi,58,147,374,293
pepsi jazz\61.jpg,pepsi,34,135,307,290
pepsi jazz\64.jpg,pepsi,33,122,316,282
pepsi jazz\65.jpg,pepsi,229,60,427,225
pepsi jazz\66.jpg,pepsi,180,100,304,205
pepsi jazz\7.jpg,pepsi,137,71,419,239
pepsi jazz\9.jpg,pepsi,30,245,140,339
pepsi jazz\9.jpg,pepsi,202,240,349,337
pepsi lime\10.jpg,pepsi,206,253,352,378
pepsi lime\14.jpg,pepsi,64,228,188,275
pepsi lime\14.jpg,pepsi,309,134,387,287
pepsi lime\15.jpg,pepsi,73,103,306,279
pepsi lime\17.jpg,pepsi,192,169,260,321
pepsi lime\18.jpg,pepsi,168,90,320,188
pepsi lime\19.jpg,pepsi,79,209,194,396
pepsi lime\2.jpg,pepsi,196,155,269,284
pepsi lime\20.jpg,pepsi,179,219,317,296
pepsi lime\21.jpg,pepsi,127,244,228,311
pepsi lime\24.jpg,pepsi,121,56,401,208
pepsi lime\27.jpg,pepsi,131,65,360,219
pepsi lime\28.jpg,pepsi,201,143,475,268
pepsi lime\29.jpg,pepsi,310,150,391,286
pepsi lime\31.jpg,pepsi,76,214,195,405
pepsi lime\32.jpg,pepsi,179,227,333,313
pepsi lime\34.jpg,pepsi,162,265,316,328
pepsi lime\35.jpg,pepsi,181,218,321,290
pepsi lime\36.jpg,pepsi,147,225,347,329
pepsi lime\38.jpg,pepsi,128,217,278,318
pepsi lime\39.jpg,pepsi,172,162,347,255
pepsi lime\4.jpg,pepsi,183,205,318,292
pepsi lime\41.jpg,pepsi,194,194,347,301
pepsi lime\42.jpg,pepsi,276,160,365,258
pepsi lime\45.jpg,pepsi,210,232,360,358
pepsi lime\46.jpg,pepsi,40,176,286,292
pepsi lime\47.jpg,pepsi,185,227,310,314
pepsi lime\48.jpg,pepsi,67,247,292,371
pepsi lime\50.jpg,pepsi,54,265,211,466
pepsi lime\52.jpg,pepsi,64,246,300,371
pepsi lime\57.jpg,pepsi,8,82,394,281
pepsi lime\58.jpg,pepsi,43,179,335,297
pepsi lime\6.jpg,pepsi,176,267,352,330
pepsi lime\60.jpg,pepsi,99,307,259,421
pepsi lime\65.jpg,pepsi,60,356,319,440
pepsi lime\70.jpg,pepsi,114,313,285,417
pepsi lime\71.jpg,pepsi,250,158,475,313
pepsi lime\8.jpg,pepsi,170,223,295,281
pepsi lime\9.jpg,pepsi,181,196,335,260
polo ralph lauren\18.jpg,polo ralph lauren,290,88,337,152
polo ralph lauren\19.jpg,polo ralph lauren,150,206,218,340
polo ralph lauren\20.jpg,polo ralph lauren,40,12,230,347
polo ralph lauren\30.jpg,polo ralph lauren,207,61,315,213
polo ralph lauren\32.jpg,polo ralph lauren,298,64,338,126
polo ralph lauren\33.jpg,polo ralph lauren,173,260,199,325
polo ralph lauren\36.jpg,polo ralph lauren,296,72,339,139
polo ralph lauren\37.jpg,polo ralph lauren,155,233,249,417
polo ralph lauren\38.jpg,polo ralph lauren,246,150,263,178
polo ralph lauren\41.jpg,polo ralph lauren,60,17,210,352
polo ralph lauren\47.jpg,polo ralph lauren,102,14,258,494
polo ralph lauren\49.jpg,polo ralph lauren,239,112,280,219
polo ralph lauren\51.jpg,polo ralph lauren,329,140,383,197
polo ralph lauren\58.jpg,polo ralph lauren,179,125,254,288
polo ralph lauren\59.jpg,polo ralph lauren,174,159,270,349
polo ralph lauren\60.jpg,polo ralph lauren,196,88,351,335
polo ralph lauren\62.jpg,polo ralph lauren,301,81,343,135
polo ralph lauren\63.jpg,polo ralph lauren,207,65,311,224
polo ralph lauren\69.jpg,polo ralph lauren,149,169,235,345
polo ralph lauren\70.jpg,polo ralph lauren,242,107,291,210
polo ralph lauren\82.jpg,polo ralph lauren,155,184,214,271
prada\10.jpg,prada,103,120,387,206
prada\105.jpg,prada,71,117,449,220
prada\109.jpg,prada,155,138,344,205
prada\11.jpg,prada,90,126,386,214
prada\13.jpg,prada,65,64,397,146
prada\16.jpg,prada,55,50,450,144
prada\18.jpg,prada,30,148,460,225
prada\19.jpg,prada,132,154,390,213
prada\2.jpg,prada,168,101,375,157
prada\20.jpg,prada,69,60,430,141
prada\22.jpg,prada,101,99,419,158
prada\24.jpg,prada,90,86,392,148
prada\26.jpg,prada,194,100,336,137
prada\28.jpg,prada,72,147,441,233
prada\29.jpg,prada,170,78,378,245
prada\3.jpg,prada,73,105,415,203
prada\30.jpg,prada,55,55,445,147
prada\32.jpg,prada,127,149,370,230
prada\33.jpg,prada,170,104,418,179
prada\34.jpg,prada,1,41,394,112
prada\39.jpg,prada,145,134,343,166
prada\42.jpg,prada,130,152,376,209
prada\44.jpg,prada,117,99,384,180
prada\45.jpg,prada,81,139,274,197
prada\48.jpg,prada,206,98,342,129
prada\49.jpg,prada,142,161,353,200
prada\5.jpg,prada,18,292,354,370
prada\51.jpg,prada,85,91,407,154
prada\52.jpg,prada,141,90,374,136
prada\55.jpg,prada,102,202,254,231
prada\58.jpg,prada,75,115,432,173
prada\6.jpg,prada,198,86,361,204
prada\60.jpg,prada,117,153,372,225
prada\61.jpg,prada,29,99,469,166
prada\63.jpg,prada,126,144,374,202
prada\66.jpg,prada,135,180,287,281
prada\68.jpg,prada,169,174,320,210
prada\69.jpg,prada,105,196,273,234
prada\70.jpg,prada,163,105,366,164
prada\71.jpg,prada,97,87,429,154
prada\72.jpg,prada,137,251,241,276
prada\74.jpg,prada,35,35,443,172
prada\77.jpg,prada,61,164,298,305
prada\82.jpg,prada,116,150,424,251
prada\83.jpg,prada,25,81,473,254
prada\88.jpg,prada,86,139,280,183
prada\89.jpg,prada,85,131,272,181
prada\9.jpg,prada,175,101,308,205
prada\90.jpg,prada,109,72,351,218
prada\91.jpg,prada,151,173,351,241
prada\93.jpg,prada,174,100,355,159
prada\95.jpg,prada,123,212,378,265
the north face\1.jpg,the north face,50,102,477,257
the north face\10.jpg,the north face,54,185,311,289
the north face\100.jpg,the north face,154,134,352,213
the north face\101.jpg,the north face,119,165,228,242
the north face\102.jpg,the north face,63,111,401,248
the north face\103.jpg,the north face,148,124,250,170
the north face\105.jpg,the north face,117,96,410,207
the north face\106.jpg,the north face,146,124,240,179
the north face\107.jpg,the north face,182,150,339,238
the north face\108.jpg,the north face,62,82,423,275
the north face\109.jpg,the north face,121,111,401,200
the north face\110.jpg,the north face,4,76,488,247
the north face\111.jpg,the north face,332,283,453,336
the north face\114.jpg,the north face,157,117,334,197
the north face\115.jpg,the north face,115,124,375,220
the north face\116.jpg,the north face,11,79,511,277
the north face\117.jpg,the north face,86,126,218,181
the north face\118.jpg,the north face,29,101,499,255
the north face\119.jpg,the north face,55,130,200,201
the north face\119.jpg,the north face,298,125,471,201
the north face\120.jpg,the north face,182,138,349,219
the north face\121.jpg,the north face,17,96,493,254
the north face\122.jpg,the north face,73,89,419,266
the north face\124.jpg,the north face,108,82,400,270
the north face\125.jpg,the north face,106,80,380,292
the north face\126.jpg,the north face,87,124,241,227
the north face\127.jpg,the north face,180,77,345,135
the north face\128.jpg,the north face,27,70,340,182
the north face\129.jpg,the north face,59,76,138,122
the north face\129.jpg,the north face,279,80,382,134
the north face\129.jpg,the north face,269,252,400,311
the north face\13.jpg,the north face,15,8,134,71
the north face\131.jpg,the north face,23,70,332,183
the north face\132.jpg,the north face,69,5,285,88
the north face\132.jpg,the north face,257,277,330,313
the north face\134.jpg,the north face,59,115,436,260
the north face\136.jpg,the north face,99,55,398,304
the north face\139.jpg,the north face,138,90,371,245
the north face\14.jpg,the north face,382,241,492,322
the north face\15.jpg,the north face,141,77,375,216
the north face\16.jpg,the north face,5,29,516,390
the north face\18.jpg,the north face,183,130,323,271
the north face\19.jpg,the north face,43,139,174,217
the north face\2.jpg,the north face,116,84,386,191
the north face\20.jpg,the north face,40,0,507,346
the north face\21.jpg,the north face,59,146,164,233
the north face\23.jpg,the north face,3,1,253,371
the north face\24.jpg,the north face,11,11,140,73
the north face\25.jpg,the north face,115,185,372,329
the north face\26.jpg,the north face,206,274,303,338
the north face\27.jpg,the north face,18,90,200,299
the north face\28.jpg,the north face,42,73,107,138
the north face\29.jpg,the north face,209,141,314,239
the north face\3.jpg,the north face,19,121,143,250
the north face\30.jpg,the north face,184,100,345,207
the north face\31.jpg,the north face,48,192,345,291
the north face\33.jpg,the north face,367,96,482,261
the north face\35.jpg,the north face,52,100,456,263
the north face\36.jpg,the north face,53,66,207,173
the north face\37.jpg,the north face,99,99,416,285
the north face\38.jpg,the north face,22,86,485,352
the north face\39.jpg,the north face,343,192,478,273
the north face\4.jpg,the north face,56,75,217,189
the north face\40.jpg,the north face,3,3,491,366
the north face\43.jpg,the north face,40,43,440,310
the north face\44.jpg,the north face,44,53,472,312
the north face\45.jpg,the north face,180,121,338,255
the north face\46.jpg,the north face,27,28,473,86
the north face\46.jpg,the north face,136,262,206,342
the north face\46.jpg,the north face,257,202,297,272
the north face\46.jpg,the north face,297,163,340,215
the north face\46.jpg,the north face,254,102,298,162
the north face\46.jpg,the north face,211,147,249,206
the north face\47.jpg,the north face,151,135,369,245
the north face\48.jpg,the north face,137,71,324,143
the north face\49.jpg,the north face,140,71,329,132
the north face\5.jpg,the north face,74,108,421,298
the north face\50.jpg,the north face,189,154,314,248
the north face\51.jpg,the north face,15,13,482,240
the north face\52.jpg,the north face,93,59,404,283
the north face\53.jpg,the north face,8,13,469,232
the north face\54.jpg,the north face,134,80,358,295
the north face\55.jpg,the north face,118,121,352,223
the north face\56.jpg,the north face,39,99,488,259
the north face\57.jpg,the north face,21,76,482,259
the north face\58.jpg,the north face,17,105,479,270
the north face\59.jpg,the north face,97,138,316,274
the north face\6.jpg,the north face,94,92,242,180
the north face\60.jpg,the north face,54,4,491,336
the north face\61.jpg,the north face,181,70,336,137
the north face\62.jpg,the north face,154,89,345,200
the north face\63.jpg,the north face,123,75,363,309
the north face\64.jpg,the north face,77,99,144,154
the north face\64.jpg,the north face,253,103,335,154
the north face\64.jpg,the north face,71,328,151,378
the north face\64.jpg,the north face,253,331,334,387
the north face\65.jpg,the north face,163,130,381,261
the north face\66.jpg,the north face,172,154,397,285
the north face\67.jpg,the north face,137,141,235,189
the north face\69.jpg,the north face,20,77,463,240
the north face\7.jpg,the north face,46,206,317,308
the north face\70.jpg,the north face,161,152,325,213
the north face\71.jpg,the north face,107,125,392,292
the north face\72.jpg,the north face,30,47,453,287
the north face\73.jpg,the north face,122,86,399,186
the north face\74.jpg,the north face,38,96,465,246
the north face\75.jpg,the north face,10,69,509,261
the north face\76.jpg,the north face,194,72,294,123
the north face\77.jpg,the north face,43,1,494,373
the north face\78.jpg,the north face,178,148,350,207
the north face\79.jpg,the north face,77,126,221,184
the north face\80.jpg,the north face,72,79,433,264
the north face\81.jpg,the north face,15,96,481,255
the north face\82.jpg,the north face,141,23,243,91
the north face\83.jpg,the north face,26,117,472,274
the north face\84.jpg,the north face,19,69,471,305
the north face\85.jpg,the north face,174,199,306,298
the north face\86.jpg,the north face,112,281,212,353
the north face\87.jpg,the north face,42,126,191,213
the north face\87.jpg,the north face,273,123,447,213
the north face\88.jpg,the north face,3,95,508,298
the north face\89.jpg,the north face,158,111,345,186
the north face\90.jpg,the north face,130,176,234,246
the north face\91.jpg,the north face,11,93,488,292
the north face\92.jpg,the north face,146,111,401,248
the north face\94.jpg,the north face,7,53,499,297
the north face\95.jpg,the north face,194,98,325,146
the north face\96.jpg,the north face,57,125,432,277
the north face\97.jpg,the north face,119,96,394,228
the north face\98.jpg,the north face,21,102,463,271
the north face\99.jpg,the north face,36,1,492,377
tommy hilfiger\13.jpg,tommy hilfiger,13,48,479,308
tommy hilfiger\15.jpg,tommy hilfiger,105,6,430,42
tommy hilfiger\15.jpg,tommy hilfiger,322,66,445,128
tommy hilfiger\15.jpg,tommy hilfiger,179,159,309,213
tommy hilfiger\15.jpg,tommy hilfiger,46,70,176,120
tommy hilfiger\15.jpg,tommy hilfiger,56,252,171,310
tommy hilfiger\15.jpg,tommy hilfiger,305,247,437,305
tommy hilfiger\16.jpg,tommy hilfiger,71,129,288,173
tommy hilfiger\17.jpg,tommy hilfiger,136,78,212,431
tommy hilfiger\20.jpg,tommy hilfiger,83,143,284,181
tommy hilfiger\20.jpg,tommy hilfiger,1,5,60,34
tommy hilfiger\21.jpg,tommy hilfiger,23,121,499,167
tommy hilfiger\22.jpg,tommy hilfiger,12,153,498,215
tommy hilfiger\24.jpg,tommy hilfiger,101,113,371,260
tommy hilfiger\26.jpg,tommy hilfiger,38,263,461,310
tommy hilfiger\27.jpg,tommy hilfiger,98,199,360,290
tommy hilfiger\28.jpg,tommy hilfiger,162,97,294,181
tommy hilfiger\29.jpg,tommy hilfiger,83,128,285,171
tommy hilfiger\29.jpg,tommy hilfiger,1,4,71,46
tommy hilfiger\3.jpg,tommy hilfiger,70,109,284,261
tommy hilfiger\31.jpg,tommy hilfiger,154,102,349,178
tommy hilfiger\33.jpg,tommy hilfiger,4,4,480,370
tommy hilfiger\34.jpg,tommy hilfiger,13,9,494,351
tommy hilfiger\35.jpg,tommy hilfiger,157,78,338,186
tommy hilfiger\36.jpg,tommy hilfiger,140,40,375,138
tommy hilfiger\36.jpg,tommy hilfiger,49,155,472,213
tommy hilfiger\37.jpg,tommy hilfiger,33,164,322,346
tommy hilfiger\38.jpg,tommy hilfiger,6,5,485,382
tommy hilfiger\4.jpg,tommy hilfiger,119,146,387,240
tommy hilfiger\40.jpg,tommy hilfiger,9,6,494,365
tommy hilfiger\41.jpg,tommy hilfiger,39,136,288,194
tommy hilfiger\42.jpg,tommy hilfiger,137,41,357,212
tommy hilfiger\42.jpg,tommy hilfiger,108,307,390,344
tommy hilfiger\43.jpg,tommy hilfiger,196,76,310,120
tommy hilfiger\44.jpg,tommy hilfiger,9,2,503,378
tommy hilfiger\45.jpg,tommy hilfiger,12,13,476,352
tommy hilfiger\46.jpg,tommy hilfiger,156,134,346,163
tommy hilfiger\49.jpg,tommy hilfiger,1,34,515,308
tommy hilfiger\5.jpg,tommy hilfiger,89,425,294,474
tommy hilfiger\50.jpg,tommy hilfiger,7,153,485,204
tommy hilfiger\51.jpg,tommy hilfiger,0,153,480,198
tommy hilfiger\54.jpg,tommy hilfiger,4,159,478,224
tommy hilfiger\56.jpg,tommy hilfiger,7,168,475,234
tommy hilfiger\58.jpg,tommy hilfiger,89,146,419,235
tommy hilfiger\6.jpg,tommy hilfiger,0,89,464,288
tommy hilfiger\64.jpg,tommy hilfiger,30,160,459,254
tommy hilfiger\66.jpg,tommy hilfiger,368,79,495,109
tommy hilfiger\69.jpg,tommy hilfiger,140,34,365,189
tommy hilfiger\69.jpg,tommy hilfiger,109,275,395,318
tommy hilfiger\7.jpg,tommy hilfiger,92,202,284,319
tommy hilfiger\70.jpg,tommy hilfiger,32,4,485,393
tommy hilfiger\71.jpg,tommy hilfiger,22,192,475,254
tommy hilfiger\73.jpg,tommy hilfiger,191,150,428,217
tommy hilfiger\74.jpg,tommy hilfiger,4,10,516,365
tommy hilfiger\75.jpg,tommy hilfiger,17,106,511,245
tommy hilfiger\78.jpg,tommy hilfiger,1,162,443,221
tommy hilfiger\8.jpg,tommy hilfiger,90,371,276,436
tommy hilfiger\82.jpg,tommy hilfiger,163,173,374,220
tommy hilfiger\83.jpg,tommy hilfiger,5,165,491,208
toyota\1.jpg,toyota,17,31,497,364
toyota\10.jpg,toyota,85,199,460,273
toyota\100.jpg,toyota,3,179,395,316
toyota\101.jpg,toyota,52,119,310,371
toyota\102.jpg,toyota,61,32,440,201
toyota\103.jpg,toyota,108,26,398,255
toyota\104.jpg,toyota,16,17,500,371
toyota\105.jpg,toyota,34,63,196,210
toyota\106.jpg,toyota,176,28,344,174
toyota\107.jpg,toyota,157,96,353,368
toyota\108.jpg,toyota,107,109,204,217
toyota\11.jpg,toyota,62,223,275,290
toyota\110.jpg,toyota,95,101,219,222
toyota\111.jpg,toyota,71,37,279,262
toyota\112.jpg,toyota,135,105,375,250
toyota\113.jpg,toyota,116,140,187,211
toyota\114.jpg,toyota,50,54,209,228
toyota\115.jpg,toyota,110,131,199,238
toyota\116.jpg,toyota,94,83,429,172
toyota\116.jpg,toyota,77,186,199,264
toyota\117.jpg,toyota,62,218,276,281
toyota\119.jpg,toyota,268,13,419,207
toyota\12.jpg,toyota,61,197,266,270
toyota\120.jpg,toyota,56,52,273,129
toyota\121.jpg,toyota,129,118,397,283
toyota\122.jpg,toyota,104,17,415,214
toyota\123.jpg,toyota,44,81,279,252
toyota\124.jpg,toyota,36,44,524,334
toyota\127.jpg,toyota,277,47,463,219
toyota\128.jpg,toyota,251,117,500,242
toyota\128.jpg,toyota,9,140,225,212
toyota\129.jpg,toyota,43,27,474,389
toyota\13.jpg,toyota,31,60,212,298
toyota\130.jpg,toyota,7,8,353,216
toyota\130.jpg,toyota,17,260,364,514
toyota\131.jpg,toyota,57,45,452,309
toyota\135.jpg,toyota,20,29,266,161
toyota\135.jpg,toyota,21,216,277,332
toyota\136.jpg,toyota,38,118,257,255
toyota\136.jpg,toyota,332,81,464,304
toyota\137.jpg,toyota,8,214,171,328
toyota\139.jpg,toyota,112,139,470,233
toyota\14.jpg,toyota,264,16,430,202
toyota\140.jpg,toyota,17,318,204,378
toyota\140.jpg,toyota,14,400,224,474
toyota\140.jpg,toyota,90,73,380,164
toyota\144.jpg,toyota,13,207,253,287
toyota\149.jpg,toyota,173,211,345,280
toyota\15.jpg,toyota,7,223,101,352
toyota\15.jpg,toyota,150,245,237,351
toyota\15.jpg,toyota,286,261,353,347
toyota\15.jpg,toyota,408,241,488,362
toyota\150.jpg,toyota,121,29,392,258
toyota\151.jpg,toyota,132,11,380,188
toyota\151.jpg,toyota,32,251,508,363
toyota\152.jpg,toyota,96,154,463,204
toyota\153.jpg,toyota,159,107,322,323
toyota\154.jpg,toyota,139,55,393,110
toyota\154.jpg,toyota,51,165,230,226
toyota\154.jpg,toyota,51,264,234,291
toyota\154.jpg,toyota,258,177,439,217
toyota\157.jpg,toyota,145,146,460,248
toyota\159.jpg,toyota,120,134,436,218
toyota\161.jpg,toyota,120,127,373,259
toyota\162.jpg,toyota,94,27,407,236
toyota\164.jpg,toyota,184,35,369,238
toyota\168.jpg,toyota,250,36,461,232
toyota\169.jpg,toyota,22,67,131,289
toyota\169.jpg,toyota,189,84,296,273
toyota\169.jpg,toyota,348,140,487,223
toyota\17.jpg,toyota,16,49,476,307
toyota\170.jpg,toyota,10,116,127,306
toyota\173.jpg,toyota,25,121,250,208
toyota\173.jpg,toyota,263,128,497,204
toyota\175.jpg,toyota,112,112,492,216
toyota\177.jpg,toyota,11,19,102,174
toyota\177.jpg,toyota,17,211,107,351
toyota\177.jpg,toyota,331,15,428,161
toyota\178.jpg,toyota,111,47,405,210
toyota\179.jpg,toyota,29,255,105,403
toyota\18.jpg,toyota,29,29,441,371
toyota\180.jpg,toyota,57,104,263,185
toyota\180.jpg,toyota,330,109,515,183
toyota\181.jpg,toyota,39,22,448,330
toyota\182.jpg,toyota,74,53,443,318
toyota\184.jpg,toyota,11,123,246,239
toyota\184.jpg,toyota,260,129,485,224
toyota\185.jpg,toyota,169,222,346,270
toyota\186.jpg,toyota,24,61,246,136
toyota\188.jpg,toyota,159,241,354,324
toyota\189.jpg,toyota,19,32,268,187
toyota\189.jpg,toyota,14,244,269,346
toyota\19.jpg,toyota,101,145,459,229
toyota\190.jpg,toyota,21,230,147,329
toyota\191.jpg,toyota,117,249,243,371
toyota\192.jpg,toyota,39,51,205,220
toyota\193.jpg,toyota,84,75,341,164
toyota\194.jpg,toyota,30,18,493,322
toyota\196.jpg,toyota,120,49,408,268
toyota\197.jpg,toyota,110,42,428,237
toyota\198.jpg,toyota,10,194,262,268
toyota\2.jpg,toyota,131,18,387,206
toyota\20.jpg,toyota,117,22,420,274
toyota\200.jpg,toyota,119,160,456,244
toyota\201.jpg,toyota,98,96,429,360
toyota\202.jpg,toyota,11,160,376,270
toyota\203.jpg,toyota,44,46,472,245
toyota\204.jpg,toyota,85,31,400,254
toyota\205.jpg,toyota,27,85,224,322
toyota\206.jpg,toyota,165,20,360,302
toyota\21.jpg,toyota,72,37,436,235
toyota\22.jpg,toyota,12,17,122,148
toyota\23.jpg,toyota,75,85,463,336
toyota\24.jpg,toyota,150,15,329,271
toyota\25.jpg,toyota,140,26,410,185
toyota\26.jpg,toyota,60,3,450,282
toyota\29.jpg,toyota,7,42,294,157
toyota\29.jpg,toyota,16,220,289,332
toyota\3.jpg,toyota,169,98,376,333
toyota\30.jpg,toyota,26,227,147,306
toyota\31.jpg,toyota,40,12,178,129
toyota\33.jpg,toyota,77,78,353,153
toyota\34.jpg,toyota,31,23,513,347
toyota\35.jpg,toyota,117,46,376,231
toyota\36.jpg,toyota,61,1,471,261
toyota\37.jpg,toyota,13,13,462,228
toyota\38.jpg,toyota,23,192,232,277
toyota\39.jpg,toyota,36,21,511,371
toyota\4.jpg,toyota,65,27,492,321
toyota\40.jpg,toyota,72,25,438,238
toyota\41.jpg,toyota,35,16,486,251
toyota\42.jpg,toyota,8,22,131,163
toyota\43.jpg,toyota,216,28,422,220
toyota\46.jpg,toyota,272,28,428,208
toyota\47.jpg,toyota,130,47,382,104
toyota\48.jpg,toyota,113,36,404,96
toyota\51.jpg,toyota,123,137,424,215
toyota\56.jpg,toyota,174,14,360,250
toyota\57.jpg,toyota,122,49,401,108
toyota\58.jpg,toyota,118,1,391,348
toyota\6.jpg,toyota,122,118,505,238
toyota\64.jpg,toyota,34,82,142,294
toyota\64.jpg,toyota,192,88,298,282
toyota\65.jpg,toyota,55,19,421,287
toyota\67.jpg,toyota,17,138,252,216
toyota\67.jpg,toyota,261,135,482,221
toyota\7.jpg,toyota,29,64,244,141
toyota\73.jpg,toyota,10,22,113,171
toyota\74.jpg,toyota,85,46,436,222
toyota\76.jpg,toyota,263,57,511,178
toyota\8.jpg,toyota,53,58,182,218
toyota\80.jpg,toyota,62,1,524,310
toyota\81.jpg,toyota,71,111,305,328
toyota\83.jpg,toyota,179,256,360,323
toyota\84.jpg,toyota,129,163,440,242
toyota\85.jpg,toyota,25,46,266,149
toyota\85.jpg,toyota,20,227,269,343
toyota\86.jpg,toyota,37,232,142,330
toyota\87.jpg,toyota,113,253,252,367
toyota\88.jpg,toyota,17,26,496,379
toyota\89.jpg,toyota,73,81,384,173
toyota\9.jpg,toyota,118,142,457,260
toyota\90.jpg,toyota,143,166,476,244
toyota\91.jpg,toyota,28,27,489,356
toyota\93.jpg,toyota,26,44,478,232
toyota\94.jpg,toyota,18,188,255,276
toyota\95.jpg,toyota,63,5,458,266
toyota\99.jpg,toyota,110,93,420,388
uber-1\1.jpg,uber,61,295,450,339
uber-1\1.jpg,uber,123,58,388,265
uber-1\10.jpg,uber,107,247,391,327
uber-1\10.jpg,uber,188,52,310,210
uber-1\100.jpg,uber,189,235,309,251
uber-1\101.jpg,uber,65,216,189,258
uber-1\101.jpg,uber,283,128,492,237
uber-1\101.jpg,uber,99,118,154,201
uber-1\109.jpg,uber,98,56,404,168
uber-1\109.jpg,uber,221,311,301,326
uber-1\109.jpg,uber,349,250,424,326
uber-1\109.jpg,uber,234,249,289,304
uber-1\11.jpg,uber,161,90,344,230
uber-1\11.jpg,uber,116,248,387,281
uber-1\115.jpg,uber,209,182,276,205
uber-1\118.jpg,uber,125,20,210,42
uber-1\118.jpg,uber,272,15,362,47
uber-1\118.jpg,uber,15,153,94,287
uber-1\118.jpg,uber,216,105,345,322
uber-1\121.jpg,uber,210,167,464,228
uber-1\121.jpg,uber,67,136,179,261
uber-1\122.jpg,uber,48,288,196,323
uber-1\122.jpg,uber,70,107,172,268
uber-1\122.jpg,uber,321,113,411,255
uber-1\122.jpg,uber,298,280,434,329
uber-1\123.jpg,uber,137,114,360,189
uber-1\123.jpg,uber,143,259,361,304
uber-1\124.jpg,uber,187,242,308,263
uber-1\125.jpg,uber,170,47,349,227
uber-1\125.jpg,uber,152,251,369,305
uber-1\126.jpg,uber,47,274,194,305
uber-1\126.jpg,uber,296,266,431,311
uber-1\126.jpg,uber,70,101,171,252
uber-1\126.jpg,uber,318,106,408,241
uber-1\127.jpg,uber,74,354,280,381
uber-1\128.jpg,uber,19,272,487,323
uber-1\128.jpg,uber,129,61,377,252
uber-1\131.jpg,uber,25,251,206,280
uber-1\131.jpg,uber,313,252,442,280
uber-1\131.jpg,uber,60,69,164,169
uber-1\131.jpg,uber,327,71,430,169
uber-1\142.jpg,uber,109,166,403,199
uber-1\142.jpg,uber,163,5,349,142
uber-1\146.jpg,uber,189,227,306,258
uber-1\146.jpg,uber,224,133,273,199
uber-1\147.jpg,uber,124,292,393,352
uber-1\147.jpg,uber,14,23,246,260
uber-1\148.jpg,uber,80,144,395,251
uber-1\150.jpg,uber,124,295,359,331
uber-1\150.jpg,uber,166,110,320,272
uber-1\152.jpg,uber,73,73,175,137
uber-1\152.jpg,uber,294,252,423,286
uber-1\152.jpg,uber,315,87,401,233
uber-1\154.jpg,uber,144,109,377,180
uber-1\154.jpg,uber,150,245,381,285
uber-1\16.jpg,uber,51,149,304,222
uber-1\17.jpg,uber,202,167,497,284
uber-1\17.jpg,uber,32,101,182,352
uber-1\18.jpg,uber,170,160,319,200
uber-1\2.jpg,uber,28,243,211,269
uber-1\2.jpg,uber,324,243,453,267
uber-1\2.jpg,uber,64,69,168,163
uber-1\2.jpg,uber,337,69,439,162
uber-1\20.jpg,uber,105,273,378,318
uber-1\20.jpg,uber,155,43,327,236
uber-1\26.jpg,uber,61,225,185,269
uber-1\26.jpg,uber,274,133,478,247
uber-1\26.jpg,uber,99,124,149,208
uber-1\27.jpg,uber,144,173,380,225
uber-1\31.jpg,uber,14,130,504,320
uber-1\32.jpg,uber,161,247,330,284
uber-1\32.jpg,uber,196,129,294,208
uber-1\34.jpg,uber,95,53,393,160
uber-1\34.jpg,uber,214,296,292,310
uber-1\34.jpg,uber,85,288,124,304
uber-1\34.jpg,uber,227,236,279,290
uber-1\34.jpg,uber,340,236,410,310
uber-1\42.jpg,uber,24,249,202,277
uber-1\42.jpg,uber,306,249,433,275
uber-1\42.jpg,uber,61,68,159,167
uber-1\42.jpg,uber,323,71,418,166
uber-1\5.jpg,uber,48,299,196,336
uber-1\5.jpg,uber,300,291,438,342
uber-1\5.jpg,uber,73,112,172,276
uber-1\5.jpg,uber,323,117,415,266
uber-1\58.jpg,uber,211,166,282,189
uber-1\61.jpg,uber,12,155,89,297
uber-1\61.jpg,uber,207,109,330,335
uber-1\61.jpg,uber,120,20,202,42
uber-1\61.jpg,uber,260,13,347,48
uber-1\64.jpg,uber,51,157,300,228
uber-1\74.jpg,uber,81,138,396,237
uber-1\79.jpg,uber,137,112,352,185
uber-1\79.jpg,uber,138,256,352,298
uber-1\8.jpg,uber,27,255,212,282
uber-1\8.jpg,uber,325,253,456,281
uber-1\8.jpg,uber,65,72,169,170
uber-1\8.jpg,uber,339,71,443,170
uber-1\80.jpg,uber,141,265,342,322
uber-1\80.jpg,uber,158,49,323,241
uber-1\81.jpg,uber,48,293,195,327
uber-1\81.jpg,uber,298,287,435,334
uber-1\81.jpg,uber,72,110,172,271
uber-1\81.jpg,uber,321,114,410,260
uber-1\83.jpg,uber,26,247,204,271
uber-1\83.jpg,uber,313,246,441,272
uber-1\83.jpg,uber,61,69,164,164
uber-1\83.jpg,uber,329,68,430,164
uber-1\84.jpg,uber,14,21,232,243
uber-1\84.jpg,uber,116,273,371,327
uber-1\89.jpg,uber,140,106,360,173
uber-1\89.jpg,uber,141,241,364,279
uber-1\91.jpg,uber,55,154,329,230
uber-2\1.jpg,uber,61,295,450,339
uber-2\1.jpg,uber,123,58,388,265
uber-2\10.jpg,uber,107,247,391,327
uber-2\10.jpg,uber,188,52,310,210
uber-2\100.jpg,uber,189,235,309,251
uber-2\101.jpg,uber,65,216,189,258
uber-2\101.jpg,uber,283,128,492,237
uber-2\101.jpg,uber,99,118,154,201
uber-2\109.jpg,uber,98,56,404,168
uber-2\109.jpg,uber,221,311,301,326
uber-2\109.jpg,uber,349,250,424,326
uber-2\109.jpg,uber,234,249,289,304
uber-2\11.jpg,uber,161,90,344,230
uber-2\11.jpg,uber,116,248,387,281
uber-2\115.jpg,uber,209,182,276,205
uber-2\118.jpg,uber,125,20,210,42
uber-2\118.jpg,uber,272,15,362,47
uber-2\118.jpg,uber,15,153,94,287
uber-2\118.jpg,uber,216,105,345,322
uber-2\121.jpg,uber,210,167,464,228
uber-2\121.jpg,uber,67,136,179,261
uber-2\122.jpg,uber,48,288,196,323
uber-2\122.jpg,uber,70,107,172,268
uber-2\122.jpg,uber,321,113,411,255
uber-2\122.jpg,uber,298,280,434,329
uber-2\123.jpg,uber,137,114,360,189
uber-2\123.jpg,uber,143,259,361,304
uber-2\124.jpg,uber,187,242,308,263
uber-2\125.jpg,uber,170,47,349,227
uber-2\125.jpg,uber,152,251,369,305
uber-2\126.jpg,uber,47,274,194,305
uber-2\126.jpg,uber,296,266,431,311
uber-2\126.jpg,uber,70,101,171,252
uber-2\126.jpg,uber,318,106,408,241
uber-2\127.jpg,uber,74,354,280,381
uber-2\128.jpg,uber,19,272,487,323
uber-2\128.jpg,uber,129,61,377,252
uber-2\131.jpg,uber,25,251,206,280
uber-2\131.jpg,uber,313,252,442,280
uber-2\131.jpg,uber,60,69,164,169
uber-2\131.jpg,uber,327,71,430,169
uber-2\142.jpg,uber,109,166,403,199
uber-2\142.jpg,uber,163,5,349,142
uber-2\146.jpg,uber,189,227,306,258
uber-2\146.jpg,uber,224,133,273,199
uber-2\147.jpg,uber,124,292,393,352
uber-2\147.jpg,uber,14,23,246,260
uber-2\148.jpg,uber,80,144,395,251
uber-2\150.jpg,uber,124,295,359,331
uber-2\150.jpg,uber,166,110,320,272
uber-2\152.jpg,uber,73,73,175,137
uber-2\152.jpg,uber,294,252,423,286
uber-2\152.jpg,uber,315,87,401,233
uber-2\154.jpg,uber,144,109,377,180
uber-2\154.jpg,uber,150,245,381,285
uber-2\16.jpg,uber,51,149,304,222
uber-2\17.jpg,uber,202,167,497,284
uber-2\17.jpg,uber,32,101,182,352
uber-2\18.jpg,uber,170,160,319,200
uber-2\2.jpg,uber,28,243,211,269
uber-2\2.jpg,uber,324,243,453,267
uber-2\2.jpg,uber,64,69,168,163
uber-2\2.jpg,uber,337,69,439,162
uber-2\20.jpg,uber,105,273,378,318
uber-2\20.jpg,uber,155,43,327,236
uber-2\26.jpg,uber,61,225,185,269
uber-2\26.jpg,uber,274,133,478,247
uber-2\26.jpg,uber,99,124,149,208
uber-2\27.jpg,uber,144,173,380,225
uber-2\31.jpg,uber,14,130,504,320
uber-2\32.jpg,uber,161,247,330,284
uber-2\32.jpg,uber,196,129,294,208
uber-2\34.jpg,uber,95,53,393,160
uber-2\34.jpg,uber,214,296,292,310
uber-2\34.jpg,uber,85,288,124,304
uber-2\34.jpg,uber,227,236,279,290
uber-2\34.jpg,uber,340,236,410,310
uber-2\42.jpg,uber,24,249,202,277
uber-2\42.jpg,uber,306,249,433,275
uber-2\42.jpg,uber,61,68,159,167
uber-2\42.jpg,uber,323,71,418,166
uber-2\5.jpg,uber,48,299,196,336
uber-2\5.jpg,uber,300,291,438,342
uber-2\5.jpg,uber,73,112,172,276
uber-2\5.jpg,uber,323,117,415,266
uber-2\58.jpg,uber,211,166,282,189
uber-2\61.jpg,uber,12,155,89,297
uber-2\61.jpg,uber,207,109,330,335
uber-2\61.jpg,uber,120,20,202,42
uber-2\61.jpg,uber,260,13,347,48
uber-2\64.jpg,uber,51,157,300,228
uber-2\74.jpg,uber,81,138,396,237
uber-2\79.jpg,uber,137,112,352,185
uber-2\79.jpg,uber,138,256,352,298
uber-2\8.jpg,uber,27,255,212,282
uber-2\8.jpg,uber,325,253,456,281
uber-2\8.jpg,uber,65,72,169,170
uber-2\8.jpg,uber,339,71,443,170
uber-2\80.jpg,uber,141,265,342,322
uber-2\80.jpg,uber,158,49,323,241
uber-2\81.jpg,uber,48,293,195,327
uber-2\81.jpg,uber,298,287,435,334
uber-2\81.jpg,uber,72,110,172,271
uber-2\81.jpg,uber,321,114,410,260
uber-2\83.jpg,uber,26,247,204,271
uber-2\83.jpg,uber,313,246,441,272
uber-2\83.jpg,uber,61,69,164,164
uber-2\83.jpg,uber,329,68,430,164
uber-2\84.jpg,uber,14,21,232,243
uber-2\84.jpg,uber,116,273,371,327
uber-2\89.jpg,uber,140,106,360,173
uber-2\89.jpg,uber,141,241,364,279
uber-2\91.jpg,uber,55,154,329,230
uber-3\1.jpg,uber,61,295,450,339
uber-3\1.jpg,uber,123,58,388,265
uber-3\10.jpg,uber,107,247,391,327
uber-3\10.jpg,uber,188,52,310,210
uber-3\100.jpg,uber,189,235,309,251
uber-3\101.jpg,uber,65,216,189,258
uber-3\101.jpg,uber,283,128,492,237
uber-3\101.jpg,uber,99,118,154,201
uber-3\109.jpg,uber,98,56,404,168
uber-3\109.jpg,uber,221,311,301,326
uber-3\109.jpg,uber,349,250,424,326
uber-3\109.jpg,uber,234,249,289,304
uber-3\11.jpg,uber,161,90,344,230
uber-3\11.jpg,uber,116,248,387,281
uber-3\115.jpg,uber,209,182,276,205
uber-3\118.jpg,uber,125,20,210,42
uber-3\118.jpg,uber,272,15,362,47
uber-3\118.jpg,uber,15,153,94,287
uber-3\118.jpg,uber,216,105,345,322
uber-3\121.jpg,uber,210,167,464,228
uber-3\121.jpg,uber,67,136,179,261
uber-3\122.jpg,uber,48,288,196,323
uber-3\122.jpg,uber,70,107,172,268
uber-3\122.jpg,uber,321,113,411,255
uber-3\122.jpg,uber,298,280,434,329
uber-3\123.jpg,uber,137,114,360,189
uber-3\123.jpg,uber,143,259,361,304
uber-3\124.jpg,uber,187,242,308,263
uber-3\125.jpg,uber,170,47,349,227
uber-3\125.jpg,uber,152,251,369,305
uber-3\126.jpg,uber,47,274,194,305
uber-3\126.jpg,uber,296,266,431,311
uber-3\126.jpg,uber,70,101,171,252
uber-3\126.jpg,uber,318,106,408,241
uber-3\127.jpg,uber,74,354,280,381
uber-3\128.jpg,uber,19,272,487,323
uber-3\128.jpg,uber,129,61,377,252
uber-3\131.jpg,uber,25,251,206,280
uber-3\131.jpg,uber,313,252,442,280
uber-3\131.jpg,uber,60,69,164,169
uber-3\131.jpg,uber,327,71,430,169
uber-3\142.jpg,uber,109,166,403,199
uber-3\142.jpg,uber,163,5,349,142
uber-3\146.jpg,uber,189,227,306,258
uber-3\146.jpg,uber,224,133,273,199
uber-3\147.jpg,uber,124,292,393,352
uber-3\147.jpg,uber,14,23,246,260
uber-3\148.jpg,uber,80,144,395,251
uber-3\150.jpg,uber,124,295,359,331
uber-3\150.jpg,uber,166,110,320,272
uber-3\152.jpg,uber,73,73,175,137
uber-3\152.jpg,uber,294,252,423,286
uber-3\152.jpg,uber,315,87,401,233
uber-3\154.jpg,uber,144,109,377,180
uber-3\154.jpg,uber,150,245,381,285
uber-3\16.jpg,uber,51,149,304,222
uber-3\17.jpg,uber,202,167,497,284
uber-3\17.jpg,uber,32,101,182,352
uber-3\18.jpg,uber,170,160,319,200
uber-3\2.jpg,uber,28,243,211,269
uber-3\2.jpg,uber,324,243,453,267
uber-3\2.jpg,uber,64,69,168,163
uber-3\2.jpg,uber,337,69,439,162
uber-3\20.jpg,uber,105,273,378,318
uber-3\20.jpg,uber,155,43,327,236
uber-3\26.jpg,uber,61,225,185,269
uber-3\26.jpg,uber,274,133,478,247
uber-3\26.jpg,uber,99,124,149,208
uber-3\27.jpg,uber,144,173,380,225
uber-3\31.jpg,uber,14,130,504,320
uber-3\32.jpg,uber,161,247,330,284
uber-3\32.jpg,uber,196,129,294,208
uber-3\34.jpg,uber,95,53,393,160
uber-3\34.jpg,uber,214,296,292,310
uber-3\34.jpg,uber,85,288,124,304
uber-3\34.jpg,uber,227,236,279,290
uber-3\34.jpg,uber,340,236,410,310
uber-3\42.jpg,uber,24,249,202,277
uber-3\42.jpg,uber,306,249,433,275
uber-3\42.jpg,uber,61,68,159,167
uber-3\42.jpg,uber,323,71,418,166
uber-3\5.jpg,uber,48,299,196,336
uber-3\5.jpg,uber,300,291,438,342
uber-3\5.jpg,uber,73,112,172,276
uber-3\5.jpg,uber,323,117,415,266
uber-3\58.jpg,uber,211,166,282,189
uber-3\61.jpg,uber,12,155,89,297
uber-3\61.jpg,uber,207,109,330,335
uber-3\61.jpg,uber,120,20,202,42
uber-3\61.jpg,uber,260,13,347,48
uber-3\64.jpg,uber,51,157,300,228
uber-3\74.jpg,uber,81,138,396,237
uber-3\79.jpg,uber,137,112,352,185
uber-3\79.jpg,uber,138,256,352,298
uber-3\8.jpg,uber,27,255,212,282
uber-3\8.jpg,uber,325,253,456,281
uber-3\8.jpg,uber,65,72,169,170
uber-3\8.jpg,uber,339,71,443,170
uber-3\80.jpg,uber,141,265,342,322
uber-3\80.jpg,uber,158,49,323,241
uber-3\81.jpg,uber,48,293,195,327
uber-3\81.jpg,uber,298,287,435,334
uber-3\81.jpg,uber,72,110,172,271
uber-3\81.jpg,uber,321,114,410,260
uber-3\83.jpg,uber,26,247,204,271
uber-3\83.jpg,uber,313,246,441,272
uber-3\83.jpg,uber,61,69,164,164
uber-3\83.jpg,uber,329,68,430,164
uber-3\84.jpg,uber,14,21,232,243
uber-3\84.jpg,uber,116,273,371,327
uber-3\89.jpg,uber,140,106,360,173
uber-3\89.jpg,uber,141,241,364,279
uber-3\91.jpg,uber,55,154,329,230
versace\101.jpg,versace,110,63,369,312
versace\102.jpg,versace,107,57,374,305
versace\103.jpg,versace,158,111,332,278
versace\107.jpg,versace,49,20,430,322
versace\108.jpg,versace,308,337,511,390
versace\108.jpg,versace,376,0,511,119
versace\112.jpg,versace,2,1,485,367
versace\113.jpg,versace,3,2,499,364
versace\117.jpg,versace,6,3,383,510
versace\14.jpg,versace,122,9,368,337
versace\15.jpg,versace,151,9,388,341
versace\18.jpg,versace,113,47,368,334
versace\2.jpg,versace,105,23,411,309
versace\22.jpg,versace,55,13,413,321
versace\29.jpg,versace,17,30,373,482
versace\3.jpg,versace,146,41,325,317
versace\30.jpg,versace,5,5,393,482
versace\31.jpg,versace,112,11,386,244
versace\34.jpg,versace,154,59,348,317
versace\35.jpg,versace,46,9,471,371
versace\36.jpg,versace,7,1,369,497
versace\39.jpg,versace,205,127,307,157
versace\41.jpg,versace,116,68,265,261
versace\42.jpg,versace,12,3,374,493
versace\43.jpg,versace,38,2,490,278
versace\47.jpg,versace,2,3,366,518
versace\51.jpg,versace,36,130,489,292
versace\52.jpg,versace,25,68,490,300
versace\69.jpg,versace,133,44,331,339
versace\7.jpg,versace,4,187,161,389
versace\78.jpg,versace,0,65,498,280
versace\8.jpg,versace,331,10,442,153
versace\8.jpg,versace,194,175,303,323
versace\8.jpg,versace,313,193,467,297
versace\81.jpg,versace,96,17,402,358
versace\82.jpg,versace,95,26,409,335
xiaomi\10.jpg,xiaomi,156,83,335,289
xiaomi\11.jpg,xiaomi,81,54,433,298
xiaomi\12.jpg,xiaomi,1,0,519,390
xiaomi\14.jpg,xiaomi,110,90,395,313
xiaomi\15.jpg,xiaomi,115,186,239,317
xiaomi\16.jpg,xiaomi,264,268,325,323
xiaomi\17.jpg,xiaomi,110,115,410,255
xiaomi\18.jpg,xiaomi,115,249,234,318
xiaomi\18.jpg,xiaomi,107,315,244,347
xiaomi\2.jpg,xiaomi,209,172,271,209
xiaomi\20.jpg,xiaomi,207,237,303,304
xiaomi\21.jpg,xiaomi,49,176,302,317
xiaomi\22.jpg,xiaomi,166,53,348,214
xiaomi\23.jpg,xiaomi,167,49,335,209
xiaomi\24.jpg,xiaomi,142,183,221,227
xiaomi\25.jpg,xiaomi,201,123,286,264
xiaomi\27.jpg,xiaomi,143,86,300,229
xiaomi\27.jpg,xiaomi,358,102,408,275
xiaomi\28.jpg,xiaomi,49,186,345,329
xiaomi\30.jpg,xiaomi,176,93,319,210
xiaomi\34.jpg,xiaomi,224,169,290,207
xiaomi\36.jpg,xiaomi,184,209,281,268
xiaomi\37.jpg,xiaomi,303,55,512,329
xiaomi\38.jpg,xiaomi,217,147,303,229
xiaomi\39.jpg,xiaomi,182,116,325,263
xiaomi\40.jpg,xiaomi,190,129,312,232
xiaomi\41.jpg,xiaomi,72,143,284,264
xiaomi\42.jpg,xiaomi,60,189,339,329
xiaomi\43.jpg,xiaomi,159,208,219,249
xiaomi\43.jpg,xiaomi,182,7,240,36
xiaomi\43.jpg,xiaomi,206,31,258,66
xiaomi\43.jpg,xiaomi,224,64,286,97
xiaomi\43.jpg,xiaomi,242,94,295,130
xiaomi\43.jpg,xiaomi,263,127,317,157
xiaomi\43.jpg,xiaomi,286,156,341,185
xiaomi\43.jpg,xiaomi,302,185,356,216
xiaomi\43.jpg,xiaomi,326,219,380,247
xiaomi\43.jpg,xiaomi,344,249,392,281
xiaomi\43.jpg,xiaomi,258,15,317,45
xiaomi\43.jpg,xiaomi,277,48,331,74
xiaomi\43.jpg,xiaomi,300,78,356,106
xiaomi\43.jpg,xiaomi,317,106,377,136
xiaomi\43.jpg,xiaomi,346,134,390,169
xiaomi\43.jpg,xiaomi,310,4,364,30
xiaomi\43.jpg,xiaomi,330,35,385,61
xiaomi\43.jpg,xiaomi,354,59,392,92
xiaomi\46.jpg,xiaomi,187,115,300,221
xiaomi\46.jpg,xiaomi,338,134,367,262
xiaomi\47.jpg,xiaomi,149,190,244,245
xiaomi\48.jpg,xiaomi,127,144,252,213
xiaomi\49.jpg,xiaomi,192,151,296,253
xiaomi\51.jpg,xiaomi,174,133,329,274
xiaomi\54.jpg,xiaomi,97,51,405,352
xiaomi\55.jpg,xiaomi,135,141,209,246
xiaomi\55.jpg,xiaomi,303,148,364,243
xiaomi\56.jpg,xiaomi,198,116,302,256
xiaomi\57.jpg,xiaomi,152,114,334,265
xiaomi\58.jpg,xiaomi,302,117,419,204
xiaomi\60.jpg,xiaomi,142,38,373,333
xiaomi\61.jpg,xiaomi,122,52,363,328
xiaomi\7.jpg,xiaomi,104,48,387,332
zara\1.jpg,zara,2,106,516,220
zara\10.jpg,zara,11,27,487,312
zara\100.jpg,zara,94,121,384,243
zara\101.jpg,zara,8,215,394,361
zara\102.jpg,zara,84,60,424,147
zara\102.jpg,zara,73,158,426,232
zara\102.jpg,zara,99,248,418,323
zara\103.jpg,zara,10,178,377,360
zara\104.jpg,zara,31,181,352,281
zara\105.jpg,zara,101,130,288,237
zara\106.jpg,zara,95,139,269,205
zara\107.jpg,zara,140,20,346,113
zara\107.jpg,zara,120,143,351,225
zara\107.jpg,zara,182,272,322,335
zara\108.jpg,zara,43,112,456,211
zara\109.jpg,zara,36,184,330,277
zara\11.jpg,zara,64,146,425,262
zara\110.jpg,zara,125,133,363,235
zara\111.jpg,zara,143,122,397,220
zara\112.jpg,zara,15,165,366,356
zara\113.jpg,zara,6,116,505,246
zara\114.jpg,zara,7,118,209,186
zara\114.jpg,zara,165,189,238,222
zara\115.jpg,zara,47,102,441,205
zara\115.jpg,zara,11,205,221,246
zara\116.jpg,zara,13,126,250,185
zara\116.jpg,zara,164,193,245,229
zara\117.jpg,zara,42,113,462,244
zara\118.jpg,zara,125,60,327,125
zara\118.jpg,zara,104,131,301,255
zara\119.jpg,zara,44,120,444,226
zara\12.jpg,zara,78,133,415,263
zara\120.jpg,zara,320,308,461,363
zara\120.jpg,zara,19,304,208,360
zara\121.jpg,zara,94,125,403,233
zara\122.jpg,zara,92,131,418,202
zara\123.jpg,zara,72,139,393,215
zara\124.jpg,zara,1,146,146,207
zara\125.jpg,zara,48,102,448,177
zara\126.jpg,zara,183,211,311,235
zara\127.jpg,zara,120,253,345,347
zara\128.jpg,zara,86,288,274,364
zara\129.jpg,zara,18,2,497,246
zara\13.jpg,zara,183,67,394,125
zara\13.jpg,zara,178,129,351,228
zara\130.jpg,zara,156,47,328,130
zara\130.jpg,zara,177,218,341,297
zara\131.jpg,zara,84,123,412,202
zara\132.jpg,zara,48,112,457,186
zara\133.jpg,zara,126,4,482,69
zara\133.jpg,zara,118,80,439,182
zara\134.jpg,zara,24,115,464,270
zara\135.jpg,zara,44,135,427,254
zara\136.jpg,zara,130,111,389,252
zara\137.jpg,zara,8,53,478,206
zara\137.jpg,zara,8,212,485,317
zara\138.jpg,zara,89,128,397,233
zara\139.jpg,zara,56,113,488,276
zara\14.jpg,zara,1,0,205,176
zara\140.jpg,zara,17,97,520,211
zara\141.jpg,zara,131,288,226,326
zara\142.jpg,zara,64,92,432,270
zara\143.jpg,zara,204,275,352,321
zara\144.jpg,zara,0,111,512,216
zara\145.jpg,zara,149,170,338,238
zara\146.jpg,zara,65,99,493,276
zara\147.jpg,zara,102,206,410,287
zara\148.jpg,zara,19,95,485,252
zara\149.jpg,zara,6,112,520,230
zara\15.jpg,zara,99,124,261,259
zara\150.jpg,zara,11,12,513,118
zara\150.jpg,zara,16,128,519,245
zara\150.jpg,zara,24,264,522,365
zara\151.jpg,zara,84,86,464,210
zara\152.jpg,zara,1,122,524,242
zara\153.jpg,zara,23,106,459,252
zara\155.jpg,zara,1,125,490,292
zara\156.jpg,zara,1,0,200,171
zara\157.jpg,zara,1,108,210,295
zara\158.jpg,zara,1,46,454,315
zara\159.jpg,zara,73,87,410,177
zara\16.jpg,zara,122,121,286,262
zara\160.jpg,zara,34,83,466,268
zara\161.jpg,zara,115,22,418,211
zara\19.jpg,zara,97,69,434,236
zara\2.jpg,zara,48,27,465,129
zara\20.jpg,zara,0,2,351,347
zara\21.jpg,zara,0,1,347,232
zara\23.jpg,zara,1,1,354,255
zara\24.jpg,zara,1,1,115,64
zara\27.jpg,zara,0,106,229,280
zara\28.jpg,zara,8,142,482,301
zara\29.jpg,zara,130,99,332,337
zara\3.jpg,zara,24,123,226,215
zara\30.jpg,zara,22,93,490,272
zara\31.jpg,zara,25,115,479,289
zara\32.jpg,zara,36,93,478,280
zara\33.jpg,zara,58,103,514,284
zara\34.jpg,zara,6,102,494,345
zara\35.jpg,zara,303,308,461,380
zara\35.jpg,zara,28,323,212,375
zara\36.jpg,zara,79,120,406,339
zara\37.jpg,zara,6,25,520,196
zara\38.jpg,zara,6,18,523,202
zara\39.jpg,zara,142,143,345,242
zara\4.jpg,zara,17,196,184,252
zara\4.jpg,zara,207,188,329,278
zara\40.jpg,zara,24,14,119,86
zara\40.jpg,zara,323,143,438,224
zara\41.jpg,zara,12,107,246,265
zara\41.jpg,zara,306,110,473,155
zara\42.jpg,zara,23,69,159,117
zara\43.jpg,zara,1,0,496,303
zara\44.jpg,zara,27,20,486,224
zara\45.jpg,zara,45,48,449,281
zara\46.jpg,zara,134,15,462,65
zara\46.jpg,zara,109,70,396,170
zara\47.jpg,zara,74,1,426,176
zara\47.jpg,zara,31,237,492,361
zara\48.jpg,zara,8,203,169,254
zara\48.jpg,zara,216,176,315,266
zara\49.jpg,zara,31,39,503,353
zara\50.jpg,zara,33,123,508,282
zara\51.jpg,zara,6,5,334,206
zara\51.jpg,zara,307,185,498,252
zara\52.jpg,zara,4,87,262,257
zara\53.jpg,zara,124,114,513,254
zara\55.jpg,zara,40,111,476,271
zara\57.jpg,zara,63,69,451,285
zara\58.jpg,zara,133,139,360,275
zara\59.jpg,zara,142,11,361,124
zara\59.jpg,zara,140,134,364,238
zara\59.jpg,zara,159,248,354,355
zara\6.jpg,zara,1,43,285,323
zara\60.jpg,zara,15,55,464,296
zara\61.jpg,zara,19,125,495,267
zara\62.jpg,zara,57,0,469,97
zara\64.jpg,zara,25,11,506,164
zara\65.jpg,zara,95,32,410,211
zara\65.jpg,zara,147,253,417,332
zara\66.jpg,zara,184,210,232,237
zara\67.jpg,zara,5,43,498,322
zara\68.jpg,zara,29,110,471,199
zara\69.jpg,zara,39,212,301,317
zara\7.jpg,zara,35,33,479,326
zara\70.jpg,zara,11,102,495,311
zara\71.jpg,zara,78,56,419,133
zara\71.jpg,zara,98,148,414,217
zara\71.jpg,zara,92,231,407,312
zara\72.jpg,zara,112,105,410,260
zara\73.jpg,zara,109,204,411,285
zara\74.jpg,zara,1,122,475,283
zara\75.jpg,zara,146,65,362,120
zara\75.jpg,zara,136,136,341,247
zara\76.jpg,zara,28,104,434,239
zara\77.jpg,zara,7,108,524,259
zara\78.jpg,zara,19,127,493,260
zara\79.jpg,zara,113,153,354,201
zara\8.jpg,zara,13,32,484,326
zara\80.jpg,zara,34,117,472,280
zara\81.jpg,zara,96,165,290,237
zara\82.jpg,zara,44,127,481,265
zara\83.jpg,zara,20,12,463,125
zara\83.jpg,zara,21,143,458,250
zara\83.jpg,zara,29,265,456,372
zara\84.jpg,zara,13,16,487,126
zara\84.jpg,zara,12,143,492,261
zara\84.jpg,zara,26,278,510,384
zara\85.jpg,zara,22,187,259,247
zara\85.jpg,zara,298,186,501,246
zara\86.jpg,zara,36,28,499,241
zara\87.jpg,zara,38,31,520,260
zara\88.jpg,zara,48,128,464,222
zara\89.jpg,zara,22,126,458,235
zara\9.jpg,zara,110,16,412,123
zara\90.jpg,zara,17,40,479,269
zara\91.jpg,zara,42,129,486,241
zara\92.jpg,zara,70,100,372,234
zara\93.jpg,zara,0,172,356,316
zara\94.jpg,zara,11,177,366,321
zara\95.jpg,zara,22,133,452,267
zara\96.jpg,zara,281,29,406,95
zara\97.jpg,zara,76,133,376,231
zara\98.jpg,zara,58,75,333,436
zara\99.jpg,zara,34,64,331,434
